0 14.204082
1 14.518425
2 13.590636
3 12.824324
4 13.035566
5 12.662011
6 13.397283
7 13.651713
8 13.391170
9 13.080062
10 12.270140
11 11.769956
12 11.068629
13 10.916806
14 11.401935
15 12.099498
16 11.960435
17 12.827854
18 12.558268
19 12.083301
20 12.904143
21 13.016768
22 13.611267
23 13.111598
24 13.792742
25 14.515351
26 14.765012
27 15.739514
28 15.801774
29 15.997045
30 16.099438
31 15.030781
32 14.673027
33 14.194115
34 15.026988
35 15.436133
36 15.301548
37 14.351560
38 13.568029
39 13.329437
40 12.379865
41 12.697605
42 13.282303
43 14.220987
44 13.614117
45 14.270025
46 14.931704
47 14.800892
48 13.910843
49 13.107487
50 13.616759
51 13.996884
52 13.678418
53 14.075970
54 14.298189
55 14.499950
56 14.432509
57 13.495927
58 13.199146
59 13.352247
60 13.058376
61 12.581972
62 11.921860
63 11.311329
64 10.687535
65 10.060104
66 10.550556
67 11.283789
68 10.688381
69 10.688809
70 10.225081
71 10.373228
72 10.983777
73 11.488952
74 12.352420
75 12.953600
76 12.075198
77 11.400081
78 10.632215
79 9.934422
80 9.884840
81 10.079789
82 10.588530
83 10.783966
84 9.984507
85 10.348067
86 10.083187
87 10.347118
88 10.316592
89 9.791646
90 10.248440
91 10.667870
92 10.775885
93 10.083933
94 10.526916
95 10.532525
96 10.696644
97 11.058738
98 11.222953
99 10.834648
100 10.142052
101 9.376886
102 8.862962
103 9.138036
104 8.642148
105 8.535061
106 8.876919
107 8.312252
108 8.735340
109 8.398773
110 8.537742
111 7.897678
112 8.393901
113 7.815159
114 8.403207
115 7.850335
116 7.797604
117 7.918575
118 8.562601
119 8.319757
120 8.434796
121 8.557171
122 8.553645
123 8.879262
124 8.834505
125 9.388381
126 8.973888
127 8.785046
128 9.304468
129 9.056945
130 8.519688
131 8.696966
132 8.195183
133 8.209463
134 7.800405
135 7.757261
136 7.410351
137 7.125976
138 7.622101
139 8.160383
140 7.682412
141 7.378758
142 7.377578
143 7.518466
144 7.122042
145 6.703799
146 6.780015
147 6.870638
148 6.644528
149 6.964632
150 6.591020
151 6.936751
152 6.684547
153 6.637580
154 6.277545
155 6.174453
156 6.635457
157 6.710442
158 6.780472
159 6.627267
160 6.500067
161 6.762052
162 6.759573
163 7.315590
164 6.884392
165 7.261873
166 6.960643
167 6.861723
168 6.794668
169 7.143492
170 7.402831
171 7.626456
172 7.556210
173 7.975510
174 8.497188
175 8.537452
176 8.311282
177 7.798790
178 7.546428
179 8.041230
180 8.233545
181 8.473256
182 8.847139
183 9.105293
184 9.129754
185 8.594894
186 9.197064
187 9.853322
188 10.275770
189 10.240300
190 10.240300
191 9.950318
192 10.394203
193 10.066919
194 9.770629
195 10.168860
196 10.028134
197 9.341462
198 9.377359
199 9.673181
200 8.962862
201 9.123667
202 9.412997
203 9.348498
204 8.934629
205 9.518310
206 8.991857
207 9.645614
208 10.319632
209 9.643901
210 9.507089
211 9.290894
212 8.667996
213 8.984373
214 9.654877
215 9.569243
216 9.891002
217 10.453076
218 9.930023
219 9.460497
220 9.395631
221 10.113532
222 9.450915
223 9.507072
224 9.301737
225 10.053381
226 9.684332
227 9.792527
228 9.348458
229 8.752250
230 8.334412
231 8.908085
232 9.054078
233 8.652736
234 8.418510
235 8.293601
236 7.867915
237 7.679332
238 8.120409
239 8.786883
240 8.984401
241 9.565147
242 9.027519
243 8.478316
244 8.036598
245 8.260096
246 8.295172
247 7.823729
248 8.192078
249 8.056085
250 8.715929
251 8.839179
252 8.801291
253 8.378005
254 7.965365
255 8.207854
256 8.326625
257 8.827414
258 9.167692
259 8.663180
260 8.496611
261 7.878348
262 7.320764
263 7.291102
264 6.909911
265 6.536055
266 6.679728
267 6.333602
268 6.018848
269 6.017547
270 5.832517
271 6.246081
272 6.428078
273 6.006298
274 5.807546
275 6.128881
276 6.096653
277 5.694777
278 5.467489
279 5.865793
280 5.513117
281 5.800946
282 6.079301
283 5.825832
284 5.568958
285 5.765436
286 5.908837
287 5.822223
288 5.657852
289 5.854216
290 5.828829
291 5.603478
292 5.898722
293 6.330790
294 6.207613
295 5.777010
296 6.051338
297 6.098180
298 5.893631
299 6.136380
300 6.532106
301 6.151109
302 6.622328
303 6.965466
304 7.359137
305 7.300264
306 7.314567
307 7.734454
308 7.362776
309 7.256518
310 7.016610
311 6.930310
312 6.671744
313 6.898294
314 7.226917
315 7.123458
316 7.242664
317 7.793489
318 7.904588
319 7.463438
320 7.456812
321 7.540847
322 7.507786
323 7.187398
324 6.717406
325 6.895442
326 7.039916
327 7.135131
328 7.684559
329 7.421326
330 7.274830
331 7.498135
332 7.658605
333 7.175145
334 7.092381
335 7.077820
336 7.077236
337 6.574479
338 6.893758
339 7.358657
340 7.002527
341 6.526981
342 6.933578
343 6.720885
344 6.573159
345 7.092479
346 6.581054
347 6.145427
348 5.707025
349 5.419828
350 5.529033
351 5.233756
352 4.930660
353 4.856071
354 4.844803
355 4.987029
356 4.757043
357 4.567879
358 4.420052
359 4.436981
360 4.511418
361 4.477580
362 4.327761
363 4.321838
364 4.446420
365 4.461771
366 4.295267
367 4.424108
368 4.259898
369 4.174324
370 4.080872
371 4.025865
372 4.004910
373 4.000336
374 4.003947
375 4.000070
376 4.010646
377 4.040935
378 4.082703
379 4.115777
380 4.108192
381 4.068097
382 4.086930
383 4.131423
384 4.136128
385 4.050869
386 4.006996
387 4.000009
388 4.015099
389 4.036372
390 4.100515
391 4.146259
392 4.124163
393 4.246358
394 4.130335
395 4.062728
396 4.095070
397 4.121122
398 4.088530
399 4.197377
400 4.319043
401 4.274348
402 4.400336
403 4.457447
404 4.428819
405 4.465349
406 4.345291
407 4.330702
408 4.285237
409 4.444998
410 4.351288
411 4.368743
412 4.562408
413 4.789627
414 4.544291
415 4.367415
416 4.584848
417 4.693140
418 4.767207
419 4.999917
420 4.902560
421 4.762672
422 4.683486
423 4.583855
424 4.793398
425 4.933764
426 5.225283
427 5.558315
428 5.856042
429 5.925432
430 5.672552
431 5.693856
432 5.406849
433 5.677135
434 5.458715
435 5.730791
436 6.119475
437 5.947501
438 6.047375
439 6.354608
440 6.759380
441 6.508801
442 6.813974
443 7.369341
444 7.722681
445 7.382604
446 6.935105
447 7.264013
448 7.480611
449 7.653788
450 7.713887
451 7.182065
452 7.182065
453 7.640714
454 8.207564
455 8.772325
456 8.462045
457 8.794237
458 8.344351
459 8.922006
460 6.715437
461 5.370988
462 4.207617
463 5.349963
464 4.457115
465 4.645891
466 4.670345
467 5.304452
468 5.130373
469 4.825622
470 6.043315
471 5.469261
472 7.126257
473 7.080549
474 5.691041
475 6.800604
476 5.832548
477 4.320005
478 4.659944
479 5.331251
480 6.023199
481 5.762798
482 7.683853
483 6.150845
484 5.215808
485 4.816131
486 5.987451
487 8.198752
488 6.947415
489 5.582884
490 4.763248
491 4.763248
492 7.191555
493 8.998328
494 8.890504
495 6.870661
496 6.315264
497 5.968714
498 5.264678
499 5.521129
500 7.654283
501 7.218348
502 7.556439
503 8.836613
504 7.908593
505 5.696617
506 6.885776
507 8.708229
508 8.850897
509 8.836756
510 8.490390
511 8.240697
512 7.371120
513 8.730112
514 8.314406
515 8.659071
516 5.989402
517 6.505599
518 6.177111
519 8.643924
520 8.323983
521 8.639960
522 8.151072
523 8.237683
524 7.938614
525 7.486560
526 7.971207
527 7.839009
528 7.575072
529 7.416226
530 6.881127
531 7.171477
532 7.044646
533 6.523140
534 6.706992
535 6.471163
536 6.649431
537 6.649431
538 6.764606
539 7.247395
540 6.860634
541 6.665243
542 6.910238
543 6.899639
544 7.309844
545 7.403739
546 7.993792
547 7.775887
548 7.623389
549 7.944782
550 7.823228
551 7.848234
552 8.221373
553 7.656552
554 8.075858
555 8.376137
556 8.392350
557 7.820171
558 7.971753
559 7.638548
560 7.979645
561 8.590652
562 8.552883
563 8.960554
564 8.390047
565 8.885912
566 8.732532
567 8.762565
568 8.466850
569 8.426935
570 7.504939
571 5.929347
572 6.645800
573 7.525375
574 8.732520
575 8.560025
576 8.888160
577 7.337733
578 5.830872
579 7.006289
580 7.006289
581 6.910818
582 4.579047
583 6.466982
584 4.960250
585 4.960250
586 3.807858
587 2.455586
588 2.244529
589 3.746264
590 2.503253
591 4.156359
592 3.537657
593 3.921722
594 2.213494
595 1.382765
596 1.267449
597 2.243431
598 2.928775
599 1.930929
600 1.930929
601 2.346348
602 3.790893
603 5.526390
604 3.938180
605 2.472525
606 3.574123
607 2.899147
608 4.564438
609 3.556843
610 4.732516
611 3.539995
612 5.585035
613 7.122431
614 4.782147
615 7.184871
616 8.899817
617 8.372755
618 8.903002
619 8.484072
620 8.655838
621 8.805350
622 8.148444
623 8.020194
624 7.639305
625 8.117252
626 7.959538
627 7.959538
628 7.887891
629 7.600684
630 7.911484
631 8.037842
632 8.261841
633 8.583565
634 8.680652
635 8.671141
636 7.640211
637 6.553677
638 4.668883
639 4.387452
640 4.454319
641 4.475304
642 4.904063
643 4.321734
644 3.158553
645 2.475212
646 2.426083
647 3.776093
648 4.571504
649 4.467393
650 4.165182
651 2.805180
652 3.985897
653 4.349085
654 3.330120
655 4.727764
656 5.490346
657 5.097583
658 7.540529
659 7.625225
660 8.750563
661 8.174513
662 8.448361
663 8.559050
664 8.954341
665 7.151606
666 5.180740
667 5.805349
668 8.388907
669 7.079442
670 5.205896
671 7.355302
672 8.537861
673 7.583343
674 7.913889
675 5.353648
676 6.134574
677 8.795131
678 7.143618
679 6.675456
680 8.912219
681 8.408284
682 7.135695
683 7.924977
684 8.656666
685 8.697077
686 8.079184
687 8.606082
688 8.011119
689 8.386916
690 8.981410
691 7.720552
692 8.917032
693 8.780033
694 8.968932
695 8.868255
696 6.733809
697 5.230162
698 5.635049
699 5.166157
700 7.676917
701 5.270632
702 4.543625
703 3.786390
704 4.472324
705 3.454201
706 3.562952
707 2.900303
708 2.869776
709 3.463263
710 3.243291
711 4.755591
712 4.798280
713 5.538752
714 4.409019
715 3.460018
716 3.955005
717 5.508810
718 7.759966
719 8.886899
720 8.550560
721 8.770871
722 8.389701
723 8.961233
724 8.492837
725 8.773079
726 8.865843
727 7.002661
728 5.049262
729 6.671539
730 8.909623
731 6.578985
732 4.279472
733 6.075817
734 4.906063
735 3.502655
736 3.502655
737 1.922323
738 2.064145
739 1.951304
740 1.305407
741 0.838040
742 0.838040
743 1.104780
744 0.344922
745 0.569424
746 0.344572
747 0.099222
748 0.643019
749 0.338239
750 0.028654
751 0.201767
752 0.000306
753 0.220263
754 0.805105
755 1.778601
756 1.778601
757 2.294964
758 2.194956
759 2.984560
760 2.098323
761 2.021253
762 2.182661
763 3.293833
764 2.297822
765 1.406747
766 1.013350
767 1.891222
768 1.461481
769 2.668147
770 1.902900
771 1.048728
772 2.002947
773 1.095562
774 0.442408
775 0.073327
776 0.000052
777 0.204641
778 0.634146
779 0.691392
780 0.629172
781 1.171420
782 0.677418
783 0.408351
784 1.101108
785 1.056368
786 0.318653
787 0.751829
788 1.173295
789 0.901032
790 0.691614
791 0.116368
792 0.296646
793 0.827244
794 1.872043
795 2.440231
796 2.476027
797 1.306500
798 0.996800
799 1.135956
800 0.715842
801 0.140769
802 0.072339
803 0.265443
804 0.525551
805 0.248354
806 0.034800
807 0.144256
808 0.141572
809 0.081584
810 0.041762
811 0.025006
812 0.202417
813 0.266176
814 0.810554
815 1.656820
816 0.738623
817 1.208555
818 1.717895
819 1.677810
820 1.153603
821 0.976347
822 1.569966
823 2.436079
824 2.684741
825 1.706200
826 2.746783
827 4.073540
828 2.960113
829 2.222559
830 3.717014
831 2.220270
832 3.789626
833 5.938811
834 3.787029
835 5.397108
836 3.627067
837 4.086606
838 5.355504
839 3.560415
840 2.126705
841 3.235716
842 2.816019
843 3.335729
844 5.213969
845 5.289227
846 7.136508
847 8.448797
848 8.922605
849 7.251516
850 8.425501
851 8.757513
852 8.799338
853 8.691872
854 8.117107
855 7.664195
856 8.047627
857 7.854338
858 7.704422
859 7.594939
860 7.329146
861 7.374532
862 7.856631
863 7.518102
864 8.065193
865 8.336956
866 8.819425
867 8.675580
868 8.712092
869 7.438441
870 6.690239
871 4.468486
872 6.343505
873 7.540738
874 8.784295
875 8.740086
876 8.687139
877 8.688670
878 8.802239
879 8.928497
880 8.814563
881 8.352805
882 8.699392
883 8.543222
884 8.812788
885 8.260371
886 8.702522
887 8.597865
888 8.227127
889 8.448936
890 8.696853
891 8.485585
892 7.888796
893 7.495048
894 7.320250
895 7.519188
896 6.997369
897 6.849582
898 6.856419
899 6.904125
900 6.826963
901 6.447079
902 6.913010
903 6.694708
904 6.909575
905 7.111500
906 6.773996
907 7.075491
908 6.622247
909 6.321131
910 6.269598
911 6.512599
912 6.407112
913 5.984936
914 5.883441
915 5.829409
916 5.605714
917 5.803770
918 5.808238
919 5.783434
920 5.391030
921 5.267992
922 4.943100
923 4.710971
924 4.858866
925 4.610787
926 4.666649
927 4.801337
928 4.602069
929 4.437841
930 4.653329
931 4.585700
932 4.381691
933 4.241017
934 4.348890
935 4.315536
936 4.219127
937 4.331821
938 4.387275
939 4.400379
940 4.431594
941 4.322880
942 4.355352
943 4.262330
944 4.327009
945 4.286644
946 4.371557
947 4.511363
948 4.651558
949 4.715390
950 4.923057
951 5.106591
952 5.316342
953 5.224234
954 4.899632
955 4.844538
956 4.660454
957 4.740831
958 4.854833
959 4.611671
960 4.394247
961 4.445463
962 4.519779
963 4.443602
964 4.282699
965 4.203261
966 4.096327
967 4.033428
968 4.002285
969 4.003622
970 4.007841
971 4.002027
972 4.006549
973 4.003127
974 4.028880
975 4.106893
976 4.221563
977 4.191450
978 4.220545
979 4.116012
980 4.032946
981 4.101949
982 4.129210
983 4.201784
984 4.333154
985 4.424889
986 4.638632
987 4.638453
988 4.829746
989 4.925024
990 5.078127
991 5.365924
992 5.558795
993 5.829289
994 5.659617
995 5.438518
996 5.289508
997 5.065306
998 4.948597
999 4.829497
1000 4.616858
1001 4.582846
1002 4.810243
1003 4.653189
1004 4.609873
1005 4.650872
1006 4.482233
1007 4.500933
1008 4.730138
1009 4.954788
1010 5.084170
1011 5.113830
1012 4.969586
1013 4.756810
1014 4.627120
1015 4.474953
1016 4.702504
1017 4.690367
1018 4.534758
1019 4.426728
1020 4.493173
1021 4.519499
1022 4.740379
1023 4.708388
1024 4.532455
1025 4.735527
1026 4.591139
1027 4.390292
1028 4.416151
1029 4.238115
1030 4.272024
1031 4.386225
1032 4.390305
1033 4.524646
1034 4.523676
1035 4.342783
1036 4.539847
1037 4.339137
1038 4.318806
1039 4.376179
1040 4.235136
1041 4.141244
1042 4.233625
1043 4.125483
1044 4.088513
1045 4.054599
1046 4.023198
1047 4.004070
1048 4.000049
1049 4.000012
1050 4.005828
1051 4.000025
1052 4.005677
1053 4.001651
1054 4.008011
1055 4.016893
1056 4.009079
1057 4.041286
1058 4.021598
1059 4.070394
1060 4.040707
1061 4.031728
1062 4.100667
1063 4.068828
1064 4.123113
1065 4.116279
1066 4.159132
1067 4.085946
1068 4.074375
1069 4.100847
1070 4.218319
1071 4.377601
1072 4.233416
1073 4.224225
1074 4.190024
1075 4.353316
1076 4.191449
1077 4.204655
1078 4.317143
1079 4.278285
1080 4.356328
1081 4.432259
1082 4.288271
1083 4.365513
1084 4.536210
1085 4.762033
1086 4.914472
1087 4.643202
1088 4.593608
1089 4.839391
1090 5.004808
1091 4.839883
1092 5.063018
1093 5.138893
1094 4.858738
1095 4.932589
1096 4.715375
1097 4.698682
1098 4.457244
1099 4.462920
1100 4.336903
1101 4.235642
1102 4.185725
1103 4.137028
1104 4.252563
1105 4.167887
1106 4.259492
1107 4.362633
1108 4.510040
1109 4.749316
1110 4.920174
1111 5.062489
1112 5.131219
1113 5.226392
1114 5.004715
1115 4.856549
1116 5.081859
1117 5.238906
1118 5.468229
1119 5.137864
1120 4.829244
1121 4.686996
1122 4.612759
1123 4.844218
1124 4.882946
1125 5.062980
1126 4.941946
1127 5.028515
1128 4.893833
1129 4.859905
1130 5.151474
1131 4.934599
1132 5.254802
1133 5.101022
1134 5.181239
1135 5.146211
1136 5.418549
1137 5.611002
1138 5.869552
1139 5.886902
1140 5.944448
1141 5.693738
1142 5.686183
1143 5.951924
1144 5.717296
1145 5.797413
1146 5.831336
1147 5.656748
1148 5.934127
1149 5.717792
1150 6.026229
1151 5.787803
1152 5.774824
1153 5.465895
1154 5.746742
1155 5.805378
1156 5.824286
1157 5.680069
1158 5.541414
1159 5.846634
1160 5.580896
1161 5.527149
1162 5.617716
1163 5.980070
1164 5.690366
1165 5.413769
1166 5.070189
1167 4.938879
1168 5.061207
1169 5.119798
1170 5.423161
1171 5.325051
1172 5.525884
1173 5.817828
1174 6.191862
1175 6.146717
1176 6.277905
1177 6.541381
1178 6.320925
1179 6.452386
1180 6.413187
1181 6.001426
1182 5.938487
1183 5.938487
1184 6.263736
1185 5.932045
1186 6.272419
1187 6.604264
1188 7.032127
1189 6.538961
1190 6.785268
1191 7.114875
1192 7.195877
1193 7.195877
1194 6.793309
1195 6.640737
1196 7.127194
1197 6.929988
1198 6.639462
1199 6.675545
1200 6.875683
1201 6.951100
1202 7.050143
1203 7.113170
1204 6.879205
1205 7.291485
1206 7.180662
1207 7.491935
1208 7.421385
1209 7.425131
1210 7.125848
1211 6.910857
1212 6.594330
1213 7.049810
1214 6.724639
1215 6.280779
1216 6.164975
1217 5.847688
1218 6.270531
1219 6.153204
1220 6.149915
1221 6.480583
1222 6.091514
1223 6.008762
1224 6.104219
1225 6.421329
1226 6.339641
1227 5.981741
1228 5.579960
1229 5.989586
1230 6.264116
1231 6.730802
1232 6.754984
1233 6.866636
1234 6.478942
1235 6.608907
1236 6.297828
1237 5.844288
1238 5.492853
1239 5.232728
1240 5.383922
1241 5.496853
1242 5.508316
1243 5.888104
1244 5.827605
1245 6.083945
1246 6.416905
1247 6.229222
1248 6.553455
1249 6.163322
1250 6.376321
1251 6.278849
1252 6.038829
1253 6.125783
1254 6.584392
1255 6.721522
1256 7.172929
1257 7.725800
1258 7.536800
1259 7.437054
1260 7.690297
1261 8.238247
1262 8.709685
1263 9.258168
1264 9.010768
1265 9.348565
1266 9.551860
1267 10.280999
1268 9.936921
1269 9.720868
1270 9.181541
1271 9.219837
1272 8.711141
1273 8.703656
1274 8.952306
1275 8.793463
1276 8.918784
1277 8.713656
1278 8.926441
1279 9.316858
1280 9.538550
1281 10.023706
1282 10.423641
1283 9.844659
1284 9.214029
1285 9.116684
1286 9.373692
1287 10.129704
1288 10.058242
1289 9.710758
1290 8.980048
1291 9.113538
1292 9.798556
1293 9.489932
1294 9.696019
1295 9.980051
1296 10.657571
1297 11.293772
1298 11.834480
1299 11.529636
1300 11.545208
1301 12.127744
1302 12.599521
1303 12.302168
1304 11.738340
1305 11.980903
1306 11.417290
1307 11.040327
1308 11.058877
1309 10.699544
1310 10.060621
1311 9.688746
1312 9.306522
1313 9.817954
1314 10.420221
1315 10.006978
1316 9.406815
1317 9.072649
1318 8.758486
1319 9.456561
1320 8.856145
1321 8.473485
1322 8.178777
1323 8.303545
1324 7.794664
1325 8.248895
1326 7.693792
1327 7.328269
1328 7.011112
1329 7.235955
1330 7.125532
1331 7.690809
1332 8.147000
1333 8.636413
1334 8.650219
1335 8.897459
1336 8.288029
1337 8.858307
1338 8.616523
1339 8.208377
1340 8.184333
1341 7.897296
1342 7.626882
1343 7.879651
1344 7.879651
1345 8.081812
1346 7.479069
1347 7.749068
1348 7.428971
1349 7.336737
1350 6.970008
1351 7.124512
1352 7.639150
1353 7.844801
1354 7.996691
1355 8.008507
1356 8.095549
1357 7.735132
1358 7.217962
1359 7.680441
1360 7.738489
1361 7.979872
1362 8.266665
1363 7.921669
1364 7.770962
1365 7.527125
1366 7.230611
1367 6.789807
1368 6.505060
1369 6.487814
1370 6.511613
1371 6.142967
1372 6.558625
1373 6.683633
1374 6.324934
1375 6.079421
1376 6.333282
1377 6.370659
1378 6.101483
1379 6.342298
1380 5.974790
1381 5.684300
1382 6.076259
1383 6.416844
1384 6.934218
1385 6.860830
1386 6.727755
1387 6.970364
1388 6.945575
1389 7.460852
1390 6.893188
1391 6.736278
1392 6.513116
1393 6.962817
1394 7.425175
1395 7.838380
1396 7.573444
1397 7.565897
1398 7.791705
1399 8.059849
1400 7.466307
1401 7.857349
1402 8.467918
1403 8.409731
1404 7.975806
1405 7.470914
1406 7.940007
1407 7.896492
1408 8.032158
1409 8.620540
1410 8.543342
1411 9.168132
1412 9.504421
1413 9.664138
1414 9.493200
1415 9.411621
1416 9.834604
1417 10.531836
1418 10.195230
1419 10.437550
1420 10.136141
1421 10.090168
1422 10.092778
1423 10.196403
1424 10.115166
1425 10.363531
1426 9.658129
1427 9.097161
1428 9.020583
1429 8.780348
1430 8.191067
1431 7.567891
1432 7.905792
1433 8.448197
1434 8.972226
1435 8.465392
1436 8.153505
1437 8.783443
1438 9.412156
1439 9.231566
1440 8.840503
1441 8.920561
1442 8.976006
1443 9.382947
1444 9.521759
1445 9.179433
1446 8.820483
1447 8.931099
1448 8.748291
1449 8.110199
1450 8.303999
1451 7.702967
1452 7.607179
1453 7.537727
1454 8.092821
1455 7.864189
1456 7.822280
1457 7.289913
1458 7.389577
1459 7.967135
1460 7.764999
1461 7.580366
1462 7.887218
1463 8.049434
1464 8.612078
1465 8.088894
1466 8.110194
1467 7.950558
1468 8.294441
1469 8.554188
1470 8.900414
1471 8.998877
1472 9.381294
1473 9.718238
1474 9.464945
1475 9.012388
1476 9.367073
1477 9.551741
1478 9.460474
1479 10.173224
1480 9.687499
1481 10.246963
1482 10.207687
1483 10.664674
1484 10.801554
1485 10.383754
1486 11.144631
1487 11.968780
1488 11.434664
1489 11.434664
1490 11.908815
1491 12.374371
1492 11.867248
1493 11.762486
1494 11.087323
1495 10.938204
1496 10.418360
1497 9.679806
1498 8.994681
1499 9.582938
1500 9.582938
1501 9.821852
1502 10.066843
1503 10.287443
1504 10.635833
1505 9.841672
1506 10.111302
1507 10.878695
1508 10.384751
1509 10.695582
1510 11.491086
1511 10.761540
1512 11.178860
1513 11.201882
1514 11.762857
1515 12.471224
1516 12.656403
1517 13.336529
1518 12.413285
1519 12.810593
1520 12.153393
1521 11.883599
1522 12.764973
1523 12.369052
1524 13.280489
1525 12.874894
1526 13.755857
1527 13.733915
1528 14.019375
1529 13.932006
1530 14.607459
1531 14.000789
1532 13.480725
1533 13.999471
1534 13.130726
1535 13.051185
1536 13.942665
1537 13.071720
1538 12.711799
1539 13.231928
1540 12.896898
1541 12.865976
1542 13.531466
1543 14.202903
1544 13.866572
1545 13.124289
1546 13.716855
1547 13.542702
1548 14.050873
1549 14.879806
1550 15.739825
1551 15.148304
1552 14.408234
1553 14.536420
1554 15.397994
1555 15.453392
1556 15.623922
1557 15.458453
1558 16.316590
1559 15.319145
1560 14.715795
1561 15.134067
1562 15.538432
1563 16.001049
1564 16.347873
1565 17.237825
1566 16.702796
1567 16.966502
1568 17.346025
1569 16.944740
1570 17.856873
1571 18.796838
1572 18.969295
1573 19.926280
1574 18.905474
1575 18.473684
1576 18.134774
1577 19.317800
1578 19.082377
1579 18.342593
1580 17.711108
1581 17.229812
1582 18.142187
1583 16.979782
1584 17.935581
1585 17.981206
1586 17.962361
1587 18.654850
1588 18.559641
1589 18.438859
1590 19.497052
1591 19.098297
1592 19.324700
1593 19.818621
1594 19.043036
1595 19.234648
1596 18.700604
1597 19.698616
1598 19.113268
1599 18.961452
1600 19.869462
1601 20.317423
1602 19.934474
1603 19.790867
1604 18.945835
1605 18.355579
1606 19.260001
1607 18.172056
1608 17.837423
1609 17.762079
1610 17.687839
1611 18.457190
1612 18.207639
1613 18.470861
1614 19.680361
1615 20.852423
1616 20.790211
1617 20.874160
1618 21.563892
1619 22.108562
1620 23.132598
1621 23.108563
1622 23.238012
1623 23.238012
1624 24.326884
1625 25.370439
1626 24.368713
1627 23.563143
1628 22.266227
1629 22.610199
1630 23.876151
1631 24.298903
1632 22.912683
1633 24.134762
1634 23.167416
1635 22.914353
1636 23.467841
1637 22.547097
1638 21.544471
1639 20.504953
1640 19.725736
1641 18.489402
1642 18.904565
1643 19.023916
1644 19.097499
1645 18.540239
1646 18.859691
1647 19.704570
1648 19.993718
1649 19.771083
1650 20.160432
1651 19.993329
1652 19.486831
1653 18.337515
1654 18.203954
1655 17.568654
1656 16.871366
1657 17.108697
1658 18.044431
1659 18.800789
1660 17.863490
1661 16.717648
1662 15.669613
1663 16.293021
1664 16.469279
1665 15.856923
1666 15.028344
1667 14.913028
1668 15.676356
1669 15.209196
1670 15.516583
1671 14.781394
1672 13.868690
1673 13.868690
1674 13.848753
1675 13.022361
1676 12.111337
1677 12.921616
1678 12.381293
1679 12.451337
1680 11.742499
1681 11.821986
1682 11.188685
1683 11.460162
1684 10.892411
1685 10.790387
1686 10.739603
1687 11.154825
1688 11.491217
1689 10.735865
1690 10.819278
1691 10.555572
1692 10.062830
1693 10.065472
1694 9.675722
1695 9.346272
1696 9.308328
1697 9.664802
1698 9.644902
1699 9.910497
1700 10.224153
1701 10.425514
1702 10.845704
1703 11.614007
1704 11.035482
1705 10.399175
1706 10.979546
1707 11.604296
1708 11.306662
1709 11.701026
1710 12.388592
1711 13.066594
1712 13.265053
1713 12.919453
1714 13.665037
1715 12.808662
1716 12.326304
1717 11.990832
1718 12.414937
1719 11.540945
1720 12.337346
1721 12.947288
1722 13.787447
1723 13.023999
1724 12.263699
1725 12.263699
1726 12.691341
1727 12.548707
1728 11.745289
1729 11.701610
1730 12.506838
1731 12.649658
1732 11.755640
1733 11.194915
1734 10.619376
1735 10.345810
1736 9.660249
1737 10.423709
1738 10.110072
1739 9.802246
1740 9.235766
1741 8.830165
1742 8.578055
1743 8.002730
1744 8.335773
1745 8.692566
1746 9.284573
1747 9.704193
1748 10.226446
1749 10.311105
1750 10.423072
1751 9.949012
1752 9.961897
1753 9.212937
1754 9.241397
1755 8.757180
1756 9.259287
1757 8.755264
1758 8.402542
1759 7.944998
1760 7.881662
1761 7.712842
1762 7.550041
1763 7.879881
1764 7.418333
1765 7.920759
1766 8.318416
1767 7.760781
1768 7.869359
1769 8.388694
1770 7.972955
1771 7.550550
1772 7.753989
1773 7.583393
1774 7.201011
1775 7.570739
1776 7.809270
1777 7.840853
1778 7.770614
1779 7.987785
1780 8.107265
1781 7.669060
1782 8.252565
1783 8.360482
1784 8.771558
1785 9.327817
1786 9.839690
1787 9.468693
1788 9.832202
1789 9.736023
1790 10.361761
1791 10.601461
1792 10.459991
1793 10.398434
1794 10.599242
1795 9.897187
1796 9.364570
1797 9.593996
1798 10.089842
1799 9.470765
1800 10.153836
1801 9.470337
1802 9.980944
1803 9.427068
1804 9.630285
1805 8.932530
1806 8.601046
1807 9.003187
1808 9.029045
1809 8.433094
1810 9.066944
1811 8.796511
1812 8.941500
1813 9.262870
1814 8.984243
1815 9.466728
1816 9.401029
1817 9.377125
1818 9.569796
1819 10.228922
1820 9.791600
1821 9.819302
1822 9.153440
1823 9.436348
1824 9.723234
1825 10.420597
1826 10.304429
1827 10.212179
1828 10.165302
1829 10.907552
1830 10.783823
1831 10.585077
1832 11.124552
1833 10.399937
1834 10.473370
1835 10.265370
1836 10.068275
1837 9.633700
1838 10.140282
1839 10.702983
1840 11.181957
1841 10.884929
1842 10.557951
1843 10.323079
1844 10.131001
1845 10.939109
1846 10.233724
1847 10.451968
1848 9.699687
1849 9.053436
1850 9.284700
1851 8.600730
1852 8.162801
1853 8.726254
1854 9.438795
1855 9.381618
1856 9.441545
1857 9.948382
1858 9.579999
1859 9.823144
1860 9.233682
1861 9.625650
1862 9.902989
1863 10.479709
1864 10.427028
1865 11.019812
1866 11.082874
1867 11.128321
1868 11.226090
1869 10.476866
1870 10.599857
1871 10.599857
1872 10.361379
1873 11.052310
1874 11.736057
1875 11.327855
1876 11.873381
1877 12.656630
1878 12.332746
1879 12.686647
1880 11.782922
1881 12.286163
1882 11.466729
1883 11.028990
1884 11.663714
1885 12.171749
1886 12.879066
1887 13.691302
1888 13.481004
1889 13.466478
1890 13.316731
1891 13.053484
1892 12.987746
1893 13.525882
1894 14.331744
1895 13.805869
1896 13.152064
1897 13.114102
1898 13.035530
1899 12.272886
1900 11.494329
1901 12.001485
1902 11.488900
1903 12.008300
1904 11.510737
1905 12.108610
1906 11.374692
1907 10.842484
1908 10.993817
1909 10.280979
1910 10.991608
1911 10.383646
1912 10.105266
1913 10.682079
1914 10.998964
1915 10.718424
1916 11.521777
1917 10.675962
1918 10.209028
1919 10.036471
1920 10.010166
1921 10.281268
1922 10.360084
1923 9.993323
1924 10.408068
1925 10.408068
1926 9.752088
1927 9.966041
1928 9.613951
1929 9.210373
1930 9.232777
1931 8.748173
1932 9.291751
1933 9.271153
1934 9.624575
1935 9.143832
1936 8.525947
1937 8.334186
1938 7.877466
1939 7.609541
1940 7.441932
1941 7.276915
1942 7.481306
1943 6.943863
1944 6.581958
1945 6.472846
1946 6.459457
1947 6.387856
1948 6.057850
1949 6.279017
1950 5.940064
1951 6.233938
1952 5.958938
1953 5.609106
1954 5.320081
1955 5.484873
1956 5.323003
1957 5.395838
1958 5.608733
1959 5.968801
1960 5.875590
1961 5.687471
1962 5.367895
1963 5.504113
1964 5.468134
1965 5.355826
1966 5.343271
1967 5.331488
1968 5.339650
1969 5.710325
1970 5.339397
1971 5.495940
1972 5.244464
1973 5.261969
1974 5.167580
1975 5.247619
1976 4.968311
1977 4.701389
1978 4.705204
1979 4.959850
1980 4.681043
1981 4.884108
1982 4.831571
1983 4.634745
1984 4.547179
1985 4.370252
1986 4.486640
1987 4.460792
1988 4.363375
1989 4.276635
1990 4.449479
1991 4.341324
1992 4.503015
1993 4.719978
1994 4.630784
1995 4.610895
1996 4.463578
1997 4.552734
1998 4.508851
1999 4.644346
2000 4.873444
2001 4.627394
2002 4.481208
2003 4.471439
2004 4.670515
2005 4.889488
2006 5.040248
2007 5.268050
2008 5.210754
2009 4.942384
2010 5.120819
2011 4.946915
2012 4.664384
2013 4.546714
2014 4.499911
2015 4.719179
2016 4.848443
2017 4.870375
2018 4.856367
2019 5.138120
2020 5.201811
2021 5.320789
2022 5.009471
2023 4.793724
2024 4.828267
2025 4.578873
2026 4.635298
2027 4.410683
2028 4.388748
2029 4.482476
2030 4.500412
2031 4.646268
2032 4.647930
2033 4.489699
2034 4.465260
2035 4.430016
2036 4.613690
2037 4.862277
2038 4.760429
2039 4.997876
2040 5.280379
2041 5.069090
2042 5.109890
2043 5.003703
2044 4.775906
2045 4.650208
2046 4.585463
2047 4.705767
2048 4.643860
2049 4.490399
2050 4.363890
2051 4.494259
2052 4.585249
2053 4.581565
2054 4.443421
2055 4.523171
2056 4.590798
2057 4.622038
2058 4.416701
2059 4.591597
2060 4.832865
2061 4.970137
2062 5.040766
2063 5.042298
2064 4.983710
2065 5.161632
2066 4.929115
2067 4.777421
2068 4.895116
2069 4.858554
2070 4.866865
2071 4.662260
2072 4.483222
2073 4.499607
2074 4.648515
2075 4.914130
2076 5.081600
2077 5.406805
2078 5.239236
2079 5.545148
2080 5.966226
2081 6.126724
2082 5.779511
2083 5.886918
2084 6.235005
2085 6.569830
2086 6.720816
2087 6.785951
2088 6.481516
2089 6.680969
2090 6.941016
2091 6.515200
2092 6.515200
2093 6.035635
2094 6.227101
2095 6.686233
2096 6.931313
2097 6.844860
2098 7.095027
2099 6.657619
2100 6.174825
2101 6.255229
2102 6.459282
2103 6.626277
2104 6.717110
2105 6.941146
2106 6.906828
2107 7.376181
2108 7.683968
2109 8.148138
2110 8.279684
2111 8.760791
2112 8.514528
2113 8.949880
2114 8.330836
2115 8.571790
2116 8.958302
2117 8.509472
2118 8.912116
2119 9.490656
2120 9.053023
2121 9.141233
2122 9.567772
2123 9.956405
2124 9.708021
2125 9.967692
2126 9.353053
2127 9.098730
2128 9.313138
2129 9.959241
2130 10.440259
2131 10.989762
2132 11.668314
2133 11.309149
2134 12.149744
2135 12.053652
2136 11.432362
2137 11.344789
2138 10.808390
2139 10.075219
2140 10.801313
2141 10.801313
2142 10.269799
2143 10.236630
2144 10.636061
2145 11.170154
2146 11.855193
2147 12.291820
2148 12.970848
2149 12.129322
2150 12.431321
2151 13.153660
2152 13.724637
2153 13.873838
2154 13.718749
2155 12.789582
2156 13.592824
2157 13.020062
2158 13.929262
2159 14.115357
2160 14.761590
2161 13.840196
2162 13.959967
2163 13.959967
2164 14.510411
2165 14.960076
2166 15.267481
2167 14.963166
2168 14.562054
2169 14.110274
2170 13.586051
2171 13.762242
2172 12.793119
2173 12.166766
2174 12.790451
2175 12.203967
2176 12.668061
2177 12.464474
2178 12.864253
2179 13.807045
2180 14.685146
2181 14.342160
2182 14.319710
2183 14.583405
2184 14.507361
2185 14.295152
2186 15.314850
2187 15.759114
2188 15.890283
2189 16.876248
2190 16.422660
2191 16.484239
2192 16.041694
2193 16.467921
2194 16.983973
2195 16.975109
2196 15.899964
2197 15.391432
2198 14.772068
2199 14.028559
2200 13.528882
2201 13.514377
2202 12.683160
2203 13.649005
2204 13.763709
2205 12.848496
2206 11.961556
2207 11.126941
2208 10.325286
2209 9.851118
2210 10.210258
2211 10.629218
2212 10.769168
2213 10.106660
2214 9.509381
2215 9.523329
2216 9.986912
2217 9.407317
2218 9.675218
2219 9.144152
2220 9.144152
2221 8.832520
2222 8.413331
2223 8.350285
2224 8.152880
2225 7.764379
2226 7.496525
2227 8.000623
2228 7.761748
2229 8.311762
2230 8.084212
2231 7.617894
2232 7.709109
2233 8.200223
2234 8.274888
2235 8.217699
2236 8.217699
2237 8.689298
2238 8.349737
2239 8.998102
2240 8.311337
2241 7.812251
2242 7.322963
2243 7.882323
2244 7.621314
2245 7.518094
2246 7.816453
2247 8.062949
2248 7.815444
2249 7.222260
2250 7.315148
2251 7.121187
2252 7.360732
2253 7.133831
2254 7.242252
2255 7.669191
2256 7.726922
2257 7.221190
2258 7.104058
2259 7.691913
2260 7.529977
2261 7.121270
2262 6.928375
2263 6.905251
2264 6.632468
2265 6.417306
2266 6.801563
2267 7.022277
2268 6.508309
2269 6.405071
2270 6.180873
2271 6.014787
2272 5.926447
2273 6.247968
2274 6.475929
2275 6.179718
2276 5.763283
2277 5.480383
2278 5.318995
2279 5.624559
2280 5.907373
2281 5.741188
2282 5.521233
2283 5.460998
2284 5.564968
2285 5.622896
2286 5.295931
2287 5.535269
2288 5.910636
2289 6.327905
2290 6.196482
2291 6.053171
2292 6.369292
2293 6.619020
2294 6.274094
2295 6.254697
2296 6.010796
2297 5.877707
2298 5.890812
2299 6.013055
2300 6.125895
2301 6.447278
2302 6.651909
2303 6.717304
2304 7.073132
2305 6.932778
2306 7.090905
2307 6.893659
2308 7.450859
2309 7.924522
2310 7.391115
2311 7.653957
2312 8.043306
2313 7.656920
2314 7.405530
2315 7.571733
2316 7.950141
2317 7.553333
2318 7.218666
2319 7.395858
2320 6.884681
2321 6.975084
2322 6.762778
2323 6.398800
2324 6.547210
2325 6.719619
2326 7.015835
2327 6.843565
2328 7.135131
2329 6.835770
2330 6.439087
2331 6.162477
2332 6.603815
2333 6.137322
2334 5.998412
2335 5.861870
2336 5.704715
2337 6.136143
2338 5.797135
2339 5.407878
2340 5.099191
2341 4.992405
2342 5.103768
2343 5.027677
2344 4.873929
2345 4.634663
2346 4.734166
2347 4.856665
2348 4.618477
2349 4.742790
2350 4.742049
2351 4.528230
2352 4.464161
2353 4.531711
2354 4.520110
2355 4.701533
2356 4.772498
2357 4.832009
2358 4.669127
2359 4.718116
2360 4.627281
2361 4.684116
2362 4.772989
2363 4.858823
2364 4.878596
2365 5.025637
2366 4.981703
2367 5.017271
2368 4.814273
2369 4.624600
2370 4.621805
2371 4.500428
2372 4.503495
2373 4.527934
2374 4.324516
2375 4.446508
2376 4.632718
2377 4.677559
2378 4.442082
2379 4.421384
2380 4.392897
2381 4.440085
2382 4.284546
2383 4.434958
2384 4.296784
2385 4.272225
2386 4.360887
2387 4.308892
2388 4.205318
2389 4.186260
2390 4.148441
2391 4.112971
2392 4.131214
2393 4.153388
2394 4.301862
2395 4.169870
2396 4.064150
2397 4.158610
2398 4.277019
2399 4.204550
2400 4.086425
2401 4.063894
2402 4.104126
2403 4.228264
2404 4.236810
2405 4.136266
2406 4.178919
2407 4.296161
2408 4.357211
2409 4.563044
2410 4.518041
2411 4.545894
2412 4.805267
2413 5.028679
2414 5.175215
2415 4.911733
2416 4.851791
2417 5.018058
2418 5.129400
2419 5.366686
2420 5.157620
2421 5.386775
2422 5.570180
2423 5.668090
2424 5.285835
2425 5.285782
2426 5.632612
2427 5.680319
2428 5.846943
2429 5.836527
2430 5.896227
2431 5.589772
2432 5.537263
2433 5.236767
2434 5.501802
2435 5.272856
2436 5.102392
2437 4.834101
2438 4.928431
2439 5.153701
2440 5.027234
2441 4.759049
2442 4.656203
2443 4.819839
2444 4.559469
2445 4.521459
2446 4.390456
2447 4.220441
2448 4.364034
2449 4.439971
2450 4.277948
2451 4.240288
2452 4.221624
2453 4.240645
2454 4.209633
2455 4.271637
2456 4.270863
2457 4.288839
2458 4.358971
2459 4.466159
2460 4.572583
2461 4.749121
2462 4.841617
2463 5.052959
2464 4.839641
2465 4.704737
2466 4.786752
2467 4.615092
2468 4.771480
2469 4.861188
2470 4.714843
2471 4.512664
2472 4.481300
2473 4.355304
2474 4.352379
2475 4.225606
2476 4.250852
2477 4.312400
2478 4.381221
2479 4.219057
2480 4.101802
2481 4.052940
2482 4.075549
2483 4.039695
2484 4.018543
2485 4.000257
2486 4.020346
2487 4.060000
2488 4.075882
2489 4.068737
2490 4.128418
2491 4.207134
2492 4.222276
2493 4.222975
2494 4.145516
2495 4.116365
2496 4.184279
2497 4.240666
2498 4.254277
2499 4.245682
2500 4.248598
2501 4.365958
2502 4.454708
2503 4.503943
2504 4.636178
2505 4.515327
2506 4.457492
2507 4.294700
2508 4.371546
2509 4.531863
2510 4.363319
2511 4.335387
2512 4.239768
2513 4.274147
2514 4.253118
2515 4.430880
2516 4.501430
2517 4.323708
2518 4.225263
2519 4.352834
2520 4.438663
2521 4.385523
2522 4.327851
2523 4.354465
2524 4.551061
2525 4.637342
2526 4.604721
2527 4.399979
2528 4.389431
2529 4.260415
2530 4.176237
2531 4.137964
2532 4.177367
2533 4.258943
2534 4.416282
2535 4.342186
2536 4.511064
2537 4.750089
2538 4.583894
2539 4.437272
2540 4.417334
2541 4.512291
2542 4.427593
2543 4.273013
2544 4.193281
2545 4.313942
2546 4.215930
2547 4.105597
2548 4.142553
2549 4.142021
2550 4.197120
2551 4.239376
2552 4.213440
2553 4.157823
2554 4.100222
2555 4.047223
2556 4.012731
2557 4.000077
2558 4.007673
2559 4.002142
2560 4.004869
2561 4.014571
2562 4.026911
2563 4.061447
2564 4.049163
2565 4.111481
2566 4.072188
2567 4.142461
2568 4.110374
2569 4.111472
2570 4.200411
2571 4.238432
2572 4.139855
2573 4.051806
2574 4.103659
2575 4.055720
2576 4.148721
2577 4.289756
2578 4.341620
2579 4.512033
2580 4.703344
2581 4.658932
2582 4.737809
2583 4.932403
2584 5.155051
2585 5.047406
2586 5.260156
2587 5.519375
2588 5.399342
2589 5.086463
2590 5.443871
2591 5.224133
2592 4.920834
2593 5.007253
2594 4.866059
2595 4.930292
2596 4.782247
2597 4.552800
2598 4.704361
2599 4.978360
2600 5.302170
2601 5.316484
2602 5.382275
2603 5.113306
2604 5.066794
2605 5.055733
2606 5.030904
2607 4.869514
2608 5.173011
2609 5.251835
2610 5.158121
2611 5.235466
2612 5.284446
2613 5.507759
2614 5.857496
2615 5.699845
2616 5.437563
2617 5.407805
2618 5.130881
2619 4.975247
2620 4.931632
2621 4.766142
2622 4.626787
2623 4.872205
2624 5.101534
2625 4.844684
2626 5.153128
2627 5.204979
2628 5.006820
2629 5.036613
2630 5.252940
2631 4.995486
2632 4.949811
2633 4.674573
2634 4.776609
2635 4.964892
2636 4.677253
2637 4.537316
2638 4.390808
2639 4.271163
2640 4.334133
2641 4.310768
2642 4.187247
2643 4.186012
2644 4.237010
2645 4.161400
2646 4.170729
2647 4.127698
2648 4.132385
2649 4.241670
2650 4.329304
2651 4.414804
2652 4.339573
2653 4.339573
2654 4.278642
2655 4.287715
2656 4.178796
2657 4.146395
2658 4.061987
2659 4.042110
2660 4.047014
2661 4.004992
2662 4.029159
2663 4.003547
2664 4.000002
2665 4.002012
2666 4.000978
2667 4.009318
2668 4.045790
2669 4.027357
2670 4.062946
2671 4.015584
2672 4.001114
2673 4.008494
2674 4.007263
2675 4.003280
2676 4.013283
2677 4.011353
2678 4.036185
2679 4.090610
2680 4.065278
2681 4.047606
2682 4.008078
2683 4.003353
2684 4.001522
2685 4.002830
2686 4.003020
2687 4.018903
2688 4.000028
2689 4.000139
2690 4.000011
2691 4.017307
2692 4.060888
2693 4.139564
2694 4.187640
2695 4.319596
2696 4.241518
2697 4.207189
2698 4.113562
2699 4.068304
2700 4.031031
2701 4.107214
2702 4.132972
2703 4.044740
2704 4.097054
2705 4.111999
2706 4.032133
2707 4.015676
2708 4.006821
2709 4.003123
2710 4.004474
2711 4.006341
2712 4.052160
2713 4.103601
2714 4.078266
2715 4.074594
2716 4.041333
2717 4.017856
2718 4.059810
2719 4.089005
2720 4.158752
2721 4.294262
2722 4.300590
2723 4.284928
2724 4.230290
2725 4.362817
2726 4.422775
2727 4.365796
2728 4.202815
2729 4.358035
2730 4.285245
2731 4.286354
2732 4.211486
2733 4.346756
2734 4.220670
2735 4.157536
2736 4.110882
2737 4.092287
2738 4.103030
2739 4.218577
2740 4.120799
2741 4.188774
2742 4.089295
2743 4.042011
2744 4.062661
2745 4.091028
2746 4.207479
2747 4.244850
2748 4.122320
2749 4.155492
2750 4.106680
2751 4.217755
2752 4.166374
2753 4.097937
2754 4.054134
2755 4.013603
2756 4.003882
2757 4.004747
2758 4.021051
2759 4.029540
2760 4.011429
2761 4.030085
2762 4.021916
2763 4.056950
2764 4.009775
2765 4.048755
2766 4.005255
2767 4.035530
2768 4.057227
2769 4.010388
2770 4.001407
2771 4.004103
2772 4.000402
2773 4.013611
2774 4.009475
2775 4.000035
2776 4.008727
2777 4.024475
2778 4.025276
2779 4.070172
2780 4.016135
2781 4.019534
2782 4.018550
2783 4.006371
2784 4.001020
2785 4.002335
2786 4.011643
2787 4.000899
2788 4.001398
2789 4.018593
2790 4.022638
2791 4.001242
2792 4.015615
2793 4.050686
2794 4.050337
2795 4.069794
2796 4.027792
2797 4.081608
2798 4.188985
2799 4.249554
2800 4.174499
2801 4.143342
2802 4.149166
2803 4.210620
2804 4.298119
2805 4.357351
2806 4.228491
2807 4.370039
2808 4.544687
2809 4.350775
2810 4.199847
2811 4.130848
2812 4.101423
2813 4.187617
2814 4.301215
2815 4.281587
2816 4.151428
2817 4.117762
2818 4.234235
2819 4.117954
2820 4.151608
2821 4.106753
2822 4.030210
2823 4.040058
2824 4.078209
2825 4.106019
2826 4.071827
2827 4.069245
2828 4.038201
2829 4.011758
2830 4.000064
2831 4.011168
2832 4.043326
2833 4.005830
2834 4.003889
2835 4.036328
2836 4.048684
2837 4.014873
2838 4.017900
2839 4.002917
2840 4.003399
2841 4.008522
2842 4.024171
2843 4.075311
2844 4.145807
2845 4.078657
2846 4.112755
2847 4.159187
2848 4.204759
2849 4.125162
2850 4.259727
2851 4.427486
2852 4.580945
2853 4.687413
2854 4.571262
2855 4.781024
2856 4.689187
2857 4.516396
2858 4.508994
2859 4.436092
2860 4.551361
2861 4.351540
2862 4.294378
2863 4.412072
2864 4.290830
2865 4.150415
2866 4.058126
2867 4.124964
2868 4.184620
2869 4.209732
2870 4.189189
2871 4.211032
2872 4.177112
2873 4.220269
2874 4.147287
2875 4.115225
2876 4.235451
2877 4.167378
2878 4.297506
2879 4.267786
2880 4.239037
2881 4.146804
2882 4.077081
2883 4.052658
2884 4.017903
2885 4.018951
2886 4.000011
2887 4.003315
2888 4.004966
2889 4.038397
2890 4.011365
2891 4.001943
2892 4.025474
2893 4.053998
2894 4.041850
2895 4.004780
2896 4.014063
2897 4.035046
2898 4.059569
2899 4.109459
2900 4.033893
2901 4.019523
2902 4.038154
2903 4.001552
2904 4.000958
2905 4.000200
2906 4.009637
2907 4.023061
2908 4.008658
2909 4.000708
2910 4.000064
2911 4.000223
2912 4.010170
2913 4.000218
2914 4.000198
2915 4.000390
2916 4.005312
2917 4.021587
2918 4.070455
2919 4.138532
2920 4.085979
2921 4.085979
2922 4.184529
2923 4.075530
2924 4.059055
2925 4.013622
2926 4.054755
2927 4.103109
2928 4.041349
2929 4.109239
2930 4.133614
2931 4.260438
2932 4.223348
2933 4.236703
2934 4.390375
2935 4.448227
2936 4.488022
2937 4.316576
2938 4.290289
2939 4.183286
2940 4.139075
2941 4.095532
2942 4.039844
2943 4.014652
2944 4.000576
2945 4.016513
2946 4.057666
2947 4.062375
2948 4.051328
2949 4.037719
2950 4.008385
2951 4.001550
2952 4.017352
2953 4.008921
2954 4.041176
2955 4.096993
2956 4.122359
2957 4.179776
2958 4.076538
2959 4.035213
2960 4.095696
2961 4.029340
2962 4.035516
2963 4.102139
2964 4.060168
2965 4.103171
2966 4.039529
2967 4.068613
2968 4.026922
2969 4.001962
2970 4.004617
2971 4.003101
2972 4.000144
2973 4.002462
2974 4.020901
2975 4.007327
2976 4.003801
2977 4.004619
2978 4.016780
2979 4.031133
2980 4.055234
2981 4.041705
2982 4.007379
2983 4.024400
2984 4.068433
2985 4.117778
2986 4.084528
2987 4.022346
2988 4.000052
2989 4.014774
2990 4.020225
2991 4.022925
2992 4.026680
2993 4.002056
2994 4.000159
2995 4.016511
2996 4.000061
2997 4.002351
2998 4.011685
2999 4.008999
3000 4.002844
3001 4.000067
3002 4.011560
3003 4.001882
3004 4.008036
3005 4.009206
3006 4.008355
3007 4.000091
3008 4.009285
3009 4.002501
3010 4.005985
3011 4.000020
3012 4.000347
3013 4.006426
3014 4.002278
3015 4.019993
3016 4.001928
3017 4.031198
3018 4.005631
3019 4.011590
3020 4.023271
3021 4.010906
3022 4.011085
3023 4.004354
3024 4.032509
3025 4.086679
3026 4.055431
3027 4.084561
3028 4.159256
3029 4.099501
3030 4.168575
3031 4.259912
3032 4.276540
3033 4.358912
3034 4.237423
3035 4.387766
3036 4.571718
3037 4.759448
3038 4.902908
3039 4.790605
3040 4.654558
3041 4.557556
3042 4.649728
3043 4.462663
3044 4.481561
3045 4.447329
3046 4.334333
3047 4.236568
3048 4.167952
3049 4.271374
3050 4.144244
3051 4.081984
3052 4.044143
3053 4.111372
3054 4.067867
3055 4.088589
3056 4.074155
3057 4.081321
3058 4.054539
3059 4.078540
3060 4.046519
3061 4.032916
3062 4.001526
3063 4.005353
3064 4.000794
3065 4.001451
3066 4.002423
3067 4.002968
3068 4.007857
3069 4.040584
3070 4.042161
3071 4.109431
3072 4.212648
3073 4.377550
3074 4.216772
3075 4.234746
3076 4.291649
3077 4.171370
3078 4.159080
3079 4.285120
3080 4.251488
3081 4.196062
3082 4.093399
3083 4.025091
3084 4.000039
3085 4.002577
3086 4.022623
3087 4.008193
3088 4.042747
3089 4.037543
3090 4.077282
3091 4.109220
3092 4.175641
3093 4.244445
3094 4.233363
3095 4.299799
3096 4.378922
3097 4.212886
3098 4.245800
3099 4.134112
3100 4.242479
3101 4.337873
3102 4.216749
3103 4.299040
3104 4.321734
3105 4.167656
3106 4.280531
3107 4.296462
3108 4.199565
3109 4.221420
3110 4.109932
3111 4.080814
3112 4.134043
3113 4.064584
3114 4.027199
3115 4.027459
3116 4.092562
3117 4.075023
3118 4.082427
3119 4.082320
3120 4.071077
3121 4.038872
3122 4.015901
3123 4.002474
3124 4.000591
3125 4.015673
3126 4.000868
3127 4.003709
3128 4.030988
3129 4.013788
3130 4.000413
3131 4.004662
3132 4.027362
3133 4.061247
3134 4.143664
3135 4.233807
3136 4.155265
3137 4.270119
3138 4.384755
3139 4.500675
3140 4.706254
3141 4.479909
3142 4.550871
3143 4.341465
3144 4.502973
3145 4.461910
3146 4.311921
3147 4.221720
3148 4.186754
3149 4.280201
3150 4.175980
3151 4.304125
3152 4.447865
3153 4.625883
3154 4.518496
3155 4.618981
3156 4.617658
3157 4.670062
3158 4.575427
3159 4.816718
3160 4.892013
3161 4.793913
3162 4.890838
3163 4.833288
3164 4.936119
3165 4.929382
3166 4.687981
3167 4.707511
3168 4.684815
3169 4.603257
3170 4.730642
3171 4.602475
3172 4.641860
3173 4.877262
3174 4.740969
3175 4.585954
3176 4.435064
3177 4.415239
3178 4.501191
3179 4.510794
3180 4.618791
3181 4.690440
3182 4.798310
3183 4.596285
3184 4.414780
3185 4.633360
3186 4.678827
3187 4.472552
3188 4.389850
3189 4.394366
3190 4.233581
3191 4.132107
3192 4.173887
3193 4.203574
3194 4.101522
3195 4.190718
3196 4.128152
3197 4.090690
3198 4.089197
3199 4.021524
3200 4.065711
3201 4.112927
3202 4.049145
3203 4.029628
3204 4.090359
3205 4.083794
3206 4.016916
3207 4.011005
3208 4.002959
3209 4.000677
3210 4.001153
3211 4.008298
3212 4.007593
3213 4.051632
3214 4.013709
3215 4.018895
3216 4.046789
3217 4.059737
3218 4.139076
3219 4.049964
3220 4.129465
3221 4.137785
3222 4.268334
3223 4.133227
3224 4.230947
3225 4.226724
3226 4.350501
3227 4.345785
3228 4.327836
3229 4.175771
3230 4.192638
3231 4.079098
3232 4.018831
3233 4.004552
3234 4.002987
3235 4.022229
3236 4.001744
3237 4.010480
3238 4.006098
3239 4.005671
3240 4.001784
3241 4.000116
3242 4.000011
3243 4.003568
3244 4.003568
3245 4.041807
3246 4.127945
3247 4.058828
3248 4.057824
3249 4.023642
3250 4.033849
3251 4.074233
3252 4.064882
3253 4.054572
3254 4.065215
3255 4.020822
3256 4.016503
3257 4.000885
3258 4.001020
3259 4.013240
3260 4.045777
3261 4.057947
3262 4.107970
3263 4.058873
3264 4.122088
3265 4.077532
3266 4.090691
3267 4.040408
3268 4.032095
3269 4.024893
3270 4.092459
3271 4.078835
3272 4.031996
3273 4.010602
3274 4.066115
3275 4.101872
3276 4.122120
3277 4.100068
3278 4.061794
3279 4.084052
3280 4.079521
3281 4.068907
3282 4.054346
3283 4.008510
3284 4.014074
3285 4.071541
3286 4.012836
3287 4.053911
3288 4.067825
3289 4.035906
3290 4.001307
3291 4.002451
3292 4.004161
3293 4.001441
3294 4.006999
3295 4.036480
3296 4.077075
3297 4.175588
3298 4.317914
3299 4.224547
3300 4.217972
3301 4.343915
3302 4.314284
3303 4.244108
3304 4.285912
3305 4.278503
3306 4.316774
3307 4.277373
3308 4.139719
3309 4.215248
3310 4.092839
3311 4.102906
3312 4.042950
3313 4.110416
3314 4.032630
3315 4.010151
3316 4.001180
3317 4.003333
3318 4.002216
3319 4.024796
3320 4.026154
3321 4.015678
3322 4.000541
3323 4.000740
3324 4.004132
3325 4.043036
3326 4.109847
3327 4.127867
3328 4.089458
3329 4.155876
3330 4.112798
3331 4.065411
3332 4.068630
3333 4.046893
3334 4.005940
3335 4.001305
3336 4.026046
3337 4.000519
3338 4.023958
3339 4.004291
3340 4.000021
3341 4.005728
3342 4.003552
3343 4.001017
3344 4.033107
3345 4.022740
3346 4.009688
3347 4.017005
3348 4.001789
3349 4.033248
3350 4.064706
3351 4.157703
3352 4.176166
3353 4.214942
3354 4.231206
3355 4.365488
3356 4.354756
3357 4.487507
3358 4.585622
3359 4.556350
3360 4.537953
3361 4.748588
3362 4.615506
3363 4.822001
3364 4.911147
3365 5.081808
3366 5.043913
3367 5.182896
3368 4.963430
3369 5.274626
3370 5.124886
3371 5.146910
3372 5.454841
3373 5.135132
3374 5.221184
3375 5.382339
3376 5.768520
3377 6.038051
3378 6.428261
3379 6.423926
3380 6.349867
3381 6.364123
3382 6.456083
3383 6.553318
3384 6.432054
3385 5.994102
3386 5.622457
3387 5.825617
3388 5.441232
3389 5.117885
3390 5.112834
3391 5.154164
3392 5.097128
3393 5.332584
3394 5.014898
3395 5.359284
3396 5.101729
3397 5.446015
3398 5.805580
3399 5.996337
3400 5.616787
3401 5.338744
3402 5.509188
3403 5.698695
3404 5.330937
3405 5.049094
3406 4.902723
3407 4.660614
3408 4.496632
3409 4.300593
3410 4.227455
3411 4.142839
3412 4.056639
3413 4.104961
3414 4.131050
3415 4.151612
3416 4.090918
3417 4.107344
3418 4.080233
3419 4.091515
3420 4.057423
3421 4.014136
3422 4.000093
3423 4.000033
3424 4.011695
3425 4.037053
3426 4.001701
3427 4.026025
3428 4.089525
3429 4.052969
3430 4.100093
3431 4.025261
3432 4.034013
3433 4.010145
3434 4.042345
3435 4.003965
3436 4.000363
3437 4.001507
3438 4.008174
3439 4.006372
3440 4.002263
3441 4.000620
3442 4.006810
3443 4.001699
3444 4.000051
3445 4.010589
3446 4.005762
3447 4.000610
3448 4.002633
3449 4.001511
3450 4.007626
3451 4.000249
3452 4.011273
3453 4.000001
3454 4.003902
3455 4.005711
3456 4.004642
3457 4.002809
3458 4.001108
3459 4.005648
3460 4.002842
3461 4.016797
3462 4.019624
3463 4.027367
3464 4.001299
3465 4.002495
3466 4.002993
3467 4.003106
3468 4.007069
3469 4.000018
3470 4.012524
3471 4.004879
3472 4.000285
3473 4.005939
3474 4.001201
3475 4.013575
3476 4.003373
3477 4.031873
3478 4.103479
3479 4.172991
3480 4.111103
3481 4.077463
3482 4.028011
3483 4.072807
3484 4.035800
3485 4.002112
3486 4.004272
3487 4.000005
3488 4.002043
3489 4.007830
3490 4.044666
3491 4.050587
3492 4.104269
3493 4.070319
3494 4.025933
3495 4.100265
3496 4.098468
3497 4.185015
3498 4.168689
3499 4.222227
3500 4.123904
3501 4.239913
3502 4.175696
3503 4.249715
3504 4.258234
3505 4.223788
3506 4.156926
3507 4.157319
3508 4.272899
3509 4.352170
3510 4.394963
3511 4.229165
3512 4.204310
3513 4.203087
3514 4.162321
3515 4.186422
3516 4.126785
3517 4.049450
3518 4.030112
3519 4.034587
3520 4.001452
3521 4.005361
3522 4.049673
3523 4.128784
3524 4.077367
3525 4.069102
3526 4.073258
3527 4.114366
3528 4.155507
3529 4.082194
3530 4.064608
3531 4.047054
3532 4.092424
3533 4.076575
3534 4.031467
3535 4.004681
3536 4.023434
3537 4.039347
3538 4.098376
3539 4.112271
3540 4.033719
3541 4.006471
3542 4.004925
3543 4.007701
3544 4.054215
3545 4.044712
3546 4.032958
3547 4.009666
3548 4.001513
3549 4.025923
3550 4.006779
3551 4.000125
3552 4.001158
3553 4.025550
3554 4.003793
3555 4.003022
3556 4.008114
3557 4.025126
3558 4.015364
3559 4.033641
3560 4.023233
3561 4.000946
3562 4.003463
3563 4.040030
3564 4.026438
3565 4.059780
3566 4.088827
3567 4.040746
3568 4.032008
3569 4.009994
3570 4.001144
3571 4.020036
3572 4.034891
3573 4.053286
3574 4.048486
3575 4.041119
3576 4.016597
3577 4.058951
3578 4.067671
3579 4.011415
3580 4.050370
3581 4.068563
3582 4.063443
3583 4.028507
3584 4.071224
3585 4.145190
3586 4.101406
3587 4.048112
3588 4.085210
3589 4.140984
3590 4.049915
3591 4.065023
3592 4.094800
3593 4.116699
3594 4.082763
3595 4.020813
3596 4.040954
3597 4.036304
3598 4.011291
3599 4.000225
3600 4.000092
3601 4.013650
3602 4.059805
3603 4.028205
3604 4.047953
3605 4.029358
3606 4.071791
3607 4.015172
3608 4.025329
3609 4.090143
3610 4.028419
3611 4.091209
3612 4.032645
3613 4.010300
3614 4.004303
3615 4.004939
3616 4.005099
3617 4.032774
3618 4.115970
3619 4.084839
3620 4.081594
3621 4.034076
3622 4.049239
3623 4.005475
3624 4.000794
3625 4.026647
3626 4.000029
3627 4.013435
3628 4.000941
3629 4.001100
3630 4.014652
3631 4.001493
3632 4.027741
3633 4.015015
3634 4.000133
3635 4.027506
3636 4.104181
3637 4.073876
3638 4.025400
3639 4.083933
3640 4.023082
3641 4.029522
3642 4.086909
3643 4.049861
3644 4.111867
3645 4.082727
3646 4.031003
3647 4.041066
3648 4.078528
3649 4.124019
3650 4.149268
3651 4.073468
3652 4.074770
3653 4.074987
3654 4.102879
3655 4.136214
3656 4.192609
3657 4.219982
3658 4.344069
3659 4.518694
3660 4.351784
3661 4.245539
3662 4.278557
3663 4.294921
3664 4.221792
3665 4.314324
3666 4.473266
3667 4.426869
3668 4.429181
3669 4.442151
3670 4.337942
3671 4.186478
3672 4.237276
3673 4.210114
3674 4.161818
3675 4.180703
3676 4.092947
3677 4.039255
3678 4.009707
3679 4.065320
3680 4.016870
3681 4.043278
3682 4.020871
3683 4.009056
3684 4.000762
3685 4.007027
3686 4.002368
3687 4.008114
3688 4.000506
3689 4.008818
3690 4.000000
3691 4.004502
3692 4.027276
3693 4.032417
3694 4.082109
3695 4.147276
3696 4.063145
3697 4.150549
3698 4.099630
3699 4.202225
3700 4.169216
3701 4.215149
3702 4.272126
3703 4.250410
3704 4.260037
3705 4.376071
3706 4.458326
3707 4.373989
3708 4.449093
3709 4.262221
3710 4.172745
3711 4.233851
3712 4.315557
3713 4.426903
3714 4.659620
3715 4.816742
3716 4.975265
3717 5.204903
3718 5.163269
3719 5.169508
3720 4.922374
3721 4.934065
3722 5.029583
3723 4.862141
3724 5.056105
3725 4.954963
3726 4.724552
3727 4.482329
3728 4.376936
3729 4.239694
3730 4.156933
3731 4.295148
3732 4.472958
3733 4.639746
3734 4.473587
3735 4.293871
3736 4.273529
3737 4.150086
3738 4.235096
3739 4.383310
3740 4.577318
3741 4.545732
3742 4.358414
3743 4.550394
3744 4.655708
3745 4.452601
3746 4.462487
3747 4.425539
3748 4.480726
3749 4.554706
3750 4.387687
3751 4.437576
3752 4.274660
3753 4.374435
3754 4.466855
3755 4.556761
3756 4.344263
3757 4.345009
3758 4.521171
3759 4.570420
3760 4.521646
3761 4.601013
3762 4.478041
3763 4.425832
3764 4.595810
3765 4.810121
3766 4.942702
3767 5.060573
3768 4.913853
3769 5.107647
3770 4.838501
3771 5.070174
3772 5.224818
3773 5.373926
3774 5.574616
3775 5.933747
3776 6.048176
3777 5.638662
3778 6.052413
3779 6.232932
3780 6.253801
3781 5.930487
3782 5.930487
3783 6.325341
3784 6.327659
3785 6.771124
3786 6.676898
3787 7.156160
3788 6.914150
3789 7.157975
3790 7.601458
3791 8.222762
3792 7.750555
3793 8.284306
3794 8.630360
3795 8.079488
3796 8.387131
3797 8.769374
3798 8.925176
3799 8.455236
3800 8.376322
3801 8.819890
3802 9.536925
3803 9.830799
3804 9.226159
3805 8.663229
3806 9.185155
3807 9.020799
3808 9.146631
3809 8.810132
3810 8.149694
3811 8.151605
3812 7.697334
3813 7.597914
3814 8.176962
3815 7.823351
3816 7.277955
3817 7.431953
3818 7.829016
3819 8.375982
3820 8.789226
3821 8.791085
3822 8.594076
3823 9.053606
3824 8.751329
3825 9.361499
3826 8.862670
3827 9.390847
3828 9.755674
3829 9.502837
3830 9.888820
3831 9.483274
3832 10.088710
3833 9.615512
3834 10.065711
3835 9.664089
3836 9.547982
3837 10.055652
3838 9.391414
3839 9.773105
3840 10.350962
3841 9.947766
3842 10.350247
3843 9.681483
3844 9.431010
3845 9.431010
3846 8.735461
3847 9.330787
3848 8.737761
3849 8.959253
3850 8.845111
3851 8.720263
3852 8.199664
3853 8.402446
3854 8.280799
3855 8.751515
3856 9.363943
3857 9.393016
3858 8.891732
3859 9.012368
3860 9.597850
3861 9.790493
3862 9.347934
3863 8.774755
3864 8.387250
3865 8.441041
3866 8.065006
3867 8.138642
3868 7.608030
3869 7.783686
3870 7.558017
3871 7.050134
3872 7.448006
3873 7.708262
3874 8.136033
3875 7.813575
3876 8.150915
3877 8.504924
3878 8.925593
3879 8.282251
3880 8.552564
3881 8.768774
3882 8.109642
3883 8.450344
3884 8.518079
3885 8.218887
3886 7.718905
3887 7.593585
3888 7.418529
3889 7.720220
3890 7.931726
3891 8.160569
3892 8.196782
3893 8.788335
3894 8.212986
3895 8.481689
3896 8.955743
3897 9.016601
3898 8.669691
3899 8.322942
3900 9.007670
3901 8.437077
3902 7.797839
3903 8.009652
3904 8.082386
3905 7.987562
3906 8.198978
3907 8.573214
3908 8.597163
3909 8.229386
3910 7.838894
3911 7.899087
3912 7.321829
3913 7.304367
3914 7.715435
3915 7.339663
3916 7.437202
3917 7.330897
3918 6.908653
3919 6.523562
3920 6.691459
3921 6.318178
3922 6.389494
3923 6.044543
3924 5.814424
3925 5.909106
3926 5.934118
3927 5.809387
3928 5.571406
3929 5.833368
3930 6.038479
3931 6.516799
3932 6.842338
3933 7.348301
3934 7.459101
3935 7.439090
3936 7.066994
3937 7.640918
3938 7.404194
3939 6.976512
3940 7.037942
3941 6.771857
3942 6.390503
3943 6.039507
3944 5.942759
3945 5.827671
3946 6.040096
3947 6.418477
3948 6.362817
3949 5.995651
3950 6.076245
3951 6.402193
3952 6.124815
3953 6.381324
3954 6.858265
3955 7.376443
3956 7.698400
3957 7.989782
3958 7.782733
3959 7.227247
3960 7.682996
3961 7.941620
3962 7.355419
3963 7.762534
3964 7.625058
3965 7.719458
3966 7.459339
3967 7.284584
3968 6.797289
3969 6.686644
3970 7.166524
3971 6.874129
3972 7.198388
3973 6.656954
3974 6.610037
3975 6.558435
3976 6.790623
3977 6.287789
3978 6.278417
3979 6.636139
3980 6.382476
3981 6.089370
3982 6.349422
3983 5.959759
3984 5.942539
3985 5.745510
3986 5.426727
3987 5.291675
3988 5.522658
3989 5.850614
3990 6.098627
3991 6.085596
3992 5.793778
3993 5.535321
3994 5.750291
3995 6.177229
3996 6.095570
3997 6.033452
3998 6.220185
3999 6.562642
4000 6.692204
4001 6.633894
4002 7.036386
4003 6.729946
4004 6.234964
4005 6.718349
4006 6.492019
4007 6.090730
4008 5.668140
4009 5.343650
4010 5.400513
4011 5.407437
4012 5.161010
4013 5.526802
4014 5.407226
4015 5.609315
4016 5.469075
4017 5.113078
4018 5.011126
4019 5.181821
4020 5.167930
4021 5.239558
4022 4.974555
4023 4.856322
4024 4.856322
4025 4.690146
4026 4.483594
4027 4.724215
4028 4.881107
4029 4.748452
4030 4.918041
4031 5.141897
4032 5.402571
4033 5.690580
4034 5.880314
4035 5.982385
4036 6.010685
4037 5.583243
4038 5.416418
4039 5.291766
4040 5.277248
4041 5.573477
4042 5.642341
4043 5.730283
4044 5.646566
4045 5.799428
4046 5.872374
4047 6.161754
4048 5.931466
4049 5.651381
4050 5.819503
4051 5.440397
4052 5.761701
4053 6.109492
4054 5.689940
4055 5.695471
4056 5.740826
4057 5.556497
4058 5.840039
4059 6.067808
4060 5.809491
4061 5.674737
4062 6.044672
4063 6.431027
4064 6.428817
4065 6.385400
4066 6.385400
4067 6.168863
4068 6.422976
4069 6.371080
4070 6.334251
4071 6.008801
4072 5.992492
4073 5.868573
4074 6.300169
4075 6.300169
4076 6.683403
4077 6.731257
4078 6.764182
4079 6.735228
4080 6.514038
4081 6.140232
4082 6.313830
4083 5.889509
4084 5.887376
4085 5.914723
4086 5.914723
4087 5.720235
4088 6.117868
4089 5.709027
4090 5.431016
4091 5.596097
4092 5.443689
4093 5.216980
4094 5.483547
4095 5.535108
4096 5.355730
4097 5.315845
4098 5.036475
4099 5.249251
4100 5.341707
4101 5.677949
4102 5.527867
4103 5.616866
4104 5.501749
4105 5.211001
4106 4.928093
4107 5.069254
4108 4.797259
4109 5.104867
4110 4.987736
4111 4.712961
4112 4.563321
4113 4.360801
4114 4.372867
4115 4.272589
4116 4.237348
4117 4.335346
4118 4.243173
4119 4.122974
4120 4.070691
4121 4.044354
4122 4.107255
4123 4.223319
4124 4.260968
4125 4.222850
4126 4.149093
4127 4.127119
4128 4.186084
4129 4.180139
4130 4.168277
4131 4.153835
4132 4.163083
4133 4.162458
4134 4.267414
4135 4.339005
4136 4.182352
4137 4.113227
4138 4.045005
4139 4.033027
4140 4.000547
4141 4.022781
4142 4.000097
4143 4.011474
4144 4.000808
4145 4.017460
4146 4.083048
4147 4.143645
4148 4.189280
4149 4.094694
4150 4.023358
4151 4.042900
4152 4.037617
4153 4.010028
4154 4.003261
4155 4.007862
4156 4.007341
4157 4.018730
4158 4.019148
4159 4.000002
4160 4.016714
4161 4.076522
4162 4.173892
4163 4.175998
4164 4.306486
4165 4.443729
4166 4.328525
4167 4.233785
4168 4.113235
4169 4.092892
4170 4.061259
4171 4.011093
4172 4.001013
4173 4.007882
4174 4.000308
4175 4.019775
4176 4.008033
4177 4.002500
4178 4.004640
4179 4.002862
4180 4.010812
4181 4.000127
4182 4.012705
4183 4.003620
4184 4.027159
4185 4.075345
4186 4.048441
4187 4.021317
4188 4.025570
4189 4.023279
4190 4.055950
4191 4.127594
4192 4.201982
4193 4.356078
4194 4.259073
4195 4.383974
4196 4.410431
4197 4.591753
4198 4.412777
4199 4.598027
4200 4.808178
4201 4.823045
4202 4.897238
4203 4.657071
4204 4.565493
4205 4.458407
4206 4.391948
4207 4.549189
4208 4.709739
4209 4.817545
4210 4.941154
4211 5.032212
4212 5.224982
4213 5.234906
4214 5.188911
4215 5.359297
4216 5.208728
4217 5.458974
4218 5.461165
4219 5.215021
4220 4.905729
4221 5.208288
4222 5.556356
4223 5.259861
4224 5.073503
4225 4.992008
4226 5.312459
4227 5.096608
4228 5.158556
4229 5.439951
4230 5.337788
4231 5.360427
4232 5.111154
4233 5.044434
4234 5.030997
4235 5.168430
4236 4.980381
4237 4.779637
4238 4.582894
4239 4.386158
4240 4.399522
4241 4.524382
4242 4.599710
4243 4.595654
4244 4.657158
4245 4.710048
4246 4.538149
4247 4.570762
4248 4.500859
4249 4.358883
4250 4.538999
4251 4.519322
4252 4.425973
4253 4.545021
4254 4.515151
4255 4.373900
4256 4.547603
4257 4.337220
4258 4.210423
4259 4.157285
4260 4.077017
4261 4.029995
4262 4.079212
4263 4.183957
4264 4.160983
4265 4.219805
4266 4.102596
4267 4.101735
4268 4.130130
4269 4.168141
4270 4.298601
4271 4.251478
4272 4.376074
4273 4.510473
4274 4.311375
4275 4.225550
4276 4.248208
4277 4.147400
4278 4.204534
4279 4.141156
4280 4.049368
4281 4.025679
4282 4.019346
4283 4.064286
4284 4.048456
4285 4.035071
4286 4.032196
4287 4.002905
4288 4.000951
4289 4.001168
4290 4.011413
4291 4.034001
4292 4.057910
4293 4.041303
4294 4.094511
4295 4.107917
4296 4.104904
4297 4.072005
4298 4.021238
4299 4.007125
4300 4.000275
4301 4.002285
4302 4.007652
4303 4.036360
4304 4.039416
4305 4.004753
4306 4.002507
4307 4.014061
4308 4.003003
4309 4.001093
4310 4.000015
4311 4.001700
4312 4.006057
4313 4.048502
4314 4.018290
4315 4.000188
4316 4.003378
4317 4.001291
4318 4.005591
4319 4.017976
4320 4.059208
4321 4.030364
4322 4.067112
4323 4.017815
4324 4.003055
4325 4.045588
4326 4.027371
4327 4.002021
4328 4.004326
4329 4.001386
4330 4.030306
4331 4.026388
4332 4.010129
4333 4.044943
4334 4.028061
4335 4.055617
4336 4.023452
4337 4.000301
4338 4.025426
4339 4.086486
4340 4.085783
4341 4.024794
4342 4.019573
4343 4.027821
4344 4.005524
4345 4.004601
4346 4.006158
4347 4.049331
4348 4.014741
4349 4.050993
4350 4.113550
4351 4.132277
4352 4.141936
4353 4.093549
4354 4.135320
4355 4.150832
4356 4.197450
4357 4.107721
4358 4.197751
4359 4.207346
4360 4.204972
4361 4.103193
4362 4.169767
4363 4.283786
4364 4.342842
4365 4.413019
4366 4.453753
4367 4.613320
4368 4.618378
4369 4.654836
4370 4.764382
4371 4.907368
4372 4.855687
4373 5.059391
4374 5.341081
4375 5.101323
4376 5.081978
4377 5.079378
4378 5.098306
4379 5.155558
4380 4.894051
4381 4.871385
4382 4.619569
4383 4.757303
4384 4.884984
4385 4.867771
4386 4.712590
4387 4.965783
4388 5.119984
4389 5.111613
4390 5.313657
4391 5.197161
4392 5.219957
4393 5.403540
4394 5.789983
4395 5.640637
4396 5.358937
4397 5.094150
4398 5.316655
4399 5.031983
4400 4.969346
4401 5.295189
4402 5.573540
4403 5.948632
4404 6.171486
4405 5.906849
4406 5.906849
4407 5.591045
4408 5.761427
4409 5.858924
4410 5.766409
4411 6.169783
4412 5.789674
4413 5.966212
4414 5.588756
4415 5.474834
4416 5.639139
4417 5.623734
4418 5.643114
4419 5.700256
4420 5.999171
4421 6.269648
4422 6.461327
4423 6.572636
4424 6.822578
4425 7.037974
4426 6.803728
4427 6.318897
4428 6.297094
4429 6.575099
4430 6.502002
4431 6.819562
4432 6.436490
4433 6.136746
4434 6.184270
4435 6.573917
4436 7.074731
4437 7.199341
4438 7.024881
4439 6.974453
4440 6.745611
4441 6.372931
4442 6.200161
4443 6.681957
4444 7.151801
4445 7.041478
4446 7.052988
4447 6.797325
4448 7.122260
4449 7.403198
4450 7.831186
4451 7.681995
4452 7.496543
4453 7.263514
4454 7.343724
4455 7.687855
4456 7.866353
4457 8.364186
4458 8.088864
4459 7.746865
4460 8.008920
4461 7.837602
4462 7.271284
4463 7.343052
4464 7.902495
4465 7.814750
4466 7.778313
4467 8.009671
4468 7.716483
4469 7.261117
4470 7.191746
4471 7.191746
4472 7.319974
4473 7.110763
4474 7.593314
4475 7.256142
4476 7.490997
4477 7.932053
4478 7.487805
4479 7.040673
4480 7.319495
4481 7.703315
4482 7.995215
4483 8.502073
4484 8.932938
4485 8.504516
4486 8.212872
4487 8.674330
4488 8.740567
4489 8.502719
4490 8.353375
4491 8.353375
4492 8.500618
4493 8.988724
4494 8.936964
4495 9.009676
4496 8.758566
4497 8.094323
4498 8.481309
4499 8.826169
4500 8.488785
4501 7.930125
4502 8.444751
4503 9.083949
4504 9.700901
4505 10.241198
4506 10.998026
4507 11.418438
4508 10.672969
4509 10.082664
4510 10.082664
4511 10.472513
4512 11.052478
4513 11.164321
4514 11.680494
4515 11.514393
4516 11.671419
4517 11.074677
4518 11.506066
4519 11.040064
4520 11.286166
4521 10.758265
4522 10.428387
4523 10.589845
4524 10.020611
4525 10.494213
4526 11.125099
4527 10.603267
4528 11.343249
4529 10.570610
4530 11.305879
4531 10.702961
4532 11.184781
4533 11.547145
4534 11.300946
4535 11.468998
4536 11.468998
4537 11.908387
4538 11.902499
4539 12.783448
4540 12.187551
4541 11.587803
4542 11.837429
4543 11.786840
4544 12.304647
4545 12.749125
4546 12.039852
4547 12.830941
4548 12.830941
4549 12.907318
4550 12.181235
4551 11.867050
4552 12.364585
4553 12.388301
4554 12.235248
4555 11.526879
4556 10.808248
4557 10.537658
4558 11.127009
4559 11.705846
4560 11.045614
4561 10.243175
4562 11.060461
4563 11.563671
4564 11.644459
4565 11.134268
4566 10.648232
4567 10.620708
4568 10.030584
4569 10.532005
4570 9.895833
4571 9.670550
4572 9.650799
4573 9.221169
4574 9.486862
4575 8.808317
4576 8.387277
4577 8.244418
4578 8.176938
4579 7.916734
4580 7.881510
4581 8.247943
4582 7.924705
4583 7.924705
4584 7.760715
4585 7.760715
4586 7.315265
4587 7.224174
4588 7.161637
4589 7.363547
4590 7.543284
4591 7.273191
4592 7.609734
4593 7.666434
4594 7.138553
4595 6.632796
4596 6.230617
4597 6.456945
4598 6.098156
4599 6.508914
4600 6.586528
4601 6.247424
4602 6.115961
4603 5.998736
4604 5.916540
4605 6.362609
4606 6.642547
4607 6.469385
4608 6.894050
4609 7.201406
4610 7.573590
4611 7.533070
4612 7.055186
4613 6.741093
4614 6.397919
4615 6.532448
4616 6.252357
4617 6.415983
4618 6.415983
4619 6.239687
4620 6.609422
4621 7.033234
4622 7.383591
4623 7.343233
4624 7.017837
4625 6.729705
4626 6.729705
4627 7.102279
4628 7.565850
4629 8.096738
4630 8.342491
4631 8.955415
4632 9.045354
4633 8.915617
4634 9.142703
4635 8.547659
4636 9.037044
4637 8.396741
4638 7.964673
4639 7.527361
4640 7.754274
4641 7.438940
4642 7.429987
4643 7.220589
4644 7.460193
4645 7.524803
4646 7.766490
4647 7.984112
4648 7.691838
4649 7.812920
4650 7.812920
4651 7.237411
4652 7.505519
4653 7.076595
4654 6.683890
4655 6.350744
4656 6.307906
4657 6.038914
4658 5.625507
4659 5.818517
4660 5.561499
4661 5.876537
4662 5.667969
4663 5.366306
4664 5.315363
4665 5.370821
4666 5.113338
4667 4.877301
4668 4.787188
4669 4.989193
4670 4.706835
4671 4.670693
4672 4.831739
4673 4.835502
4674 4.874440
4675 4.858723
4676 4.627346
4677 4.708763
4678 4.580543
4679 4.407056
4680 4.550517
4681 4.724769
4682 4.703834
4683 4.826032
4684 4.956148
4685 4.923820
4686 4.799825
4687 4.891715
4688 4.844000
4689 4.576910
4690 4.539559
4691 4.768396
4692 4.979160
4693 5.067285
4694 5.054701
4695 4.868426
4696 5.113632
4697 4.970802
4698 4.997595
4699 5.017222
4700 4.948240
4701 5.145099
4702 5.124030
4703 4.969073
4704 4.798442
4705 4.790306
4706 5.085531
4707 5.393274
4708 5.553797
4709 5.708178
4710 6.096210
4711 6.313399
4712 6.188619
4713 6.063261
4714 5.758411
4715 6.068055
4716 5.667698
4717 5.928949
4718 6.003384
4719 5.895650
4720 5.671717
4721 5.894988
4722 6.106484
4723 6.054404
4724 6.486824
4725 6.408984
4726 5.938961
4727 6.074783
4728 6.269991
4729 6.156736
4730 6.078834
4731 5.735323
4732 5.350958
4733 5.100354
4734 5.388338
4735 5.396356
4736 5.203628
4737 4.926236
4738 4.696686
4739 4.473145
4740 4.679379
4741 4.633389
4742 4.538674
4743 4.753971
4744 4.746730
4745 4.834618
4746 5.104727
4747 4.864527
4748 4.779141
4749 4.839333
4750 4.593696
4751 4.504807
4752 4.724173
4753 4.853621
4754 4.818382
4755 5.048509
4756 5.271338
4757 4.945425
4758 4.691565
4759 4.671803
4760 4.484993
4761 4.323289
4762 4.284396
4763 4.394778
4764 4.477236
4765 4.561863
4766 4.502641
4767 4.333255
4768 4.205806
4769 4.367407
4770 4.354176
4771 4.386079
4772 4.389903
4773 4.574688
4774 4.635561
4775 4.573106
4776 4.571204
4777 4.793869
4778 5.025068
4779 4.874442
4780 4.783034
4781 4.550084
4782 4.484732
4783 4.593554
4784 4.788894
4785 4.827525
4786 4.893026
4787 4.979776
4788 5.261584
4789 5.048333
4790 5.048072
4791 5.272951
4792 5.197558
4793 5.375384
4794 5.036866
4795 5.180765
4796 5.189388
4797 4.993272
4798 4.926088
4799 4.972589
4800 5.126566
4801 5.355098
4802 5.336948
4803 5.481105
4804 5.146939
4805 4.977688
4806 4.981611
4807 5.239094
4808 5.540233
4809 5.476550
4810 5.399968
4811 5.444729
4812 5.679189
4813 5.893190
4814 5.493436
4815 5.701807
4816 5.833967
4817 6.024897
4818 5.959772
4819 5.915864
4820 6.244264
4821 6.662485
4822 7.140240
4823 7.000294
4824 6.658873
4825 6.474829
4826 6.334084
4827 5.929055
4828 5.973609
4829 5.973609
4830 6.118329
4831 5.751097
4832 5.710951
4833 5.847220
4834 5.646687
4835 5.796065
4836 5.869580
4837 5.921681
4838 5.978936
4839 6.210801
4840 5.967362
4841 6.121866
4842 5.830755
4843 5.816193
4844 5.510056
4845 5.400490
4846 5.639178
4847 5.576873
4848 5.461307
4849 5.656075
4850 5.512938
4851 5.437440
4852 5.495957
4853 5.786159
4854 5.575284
4855 5.283398
4856 5.600386
4857 5.768113
4858 5.683938
4859 5.296795
4860 5.533607
4861 5.740659
4862 5.845859
4863 6.291592
4864 6.700750
4865 6.352083
4866 6.561303
4867 6.643267
4868 6.483793
4869 6.794526
4870 7.064294
4871 7.400037
4872 7.531731
4873 7.799642
4874 8.285165
4875 8.652770
4876 8.548615
4877 8.663928
4878 8.229461
4879 8.655970
4880 8.794828
4881 8.233395
4882 8.240871
4883 7.909016
4884 7.556909
4885 7.576447
4886 7.311926
4887 7.744048
4888 7.945744
4889 8.601443
4890 8.210959
4891 8.353156
4892 8.942096
4893 8.758157
4894 8.550371
4895 9.118125
4896 9.520651
4897 9.241615
4898 9.921474
4899 10.076794
4900 9.474930
4901 9.755659
4902 9.049630
4903 9.682891
4904 9.744727
4905 9.818209
4906 9.622500
4907 9.190094
4908 8.498440
4909 8.322351
4910 8.540584
4911 9.212167
4912 8.706372
4913 8.179307
4914 8.208941
4915 7.594576
4916 7.205710
4917 6.944549
4918 6.945917
4919 6.644260
4920 6.972294
4921 7.274925
4922 7.589905
4923 8.140585
4924 7.631285
4925 7.605999
4926 7.538972
4927 7.713195
4928 8.112939
4929 8.630695
4930 8.650447
4931 8.195739
4932 8.418120
4933 8.114530
4934 7.723081
4935 8.027779
4936 7.850476
4937 7.259712
4938 7.595454
4939 7.271910
4940 7.377289
4941 7.983115
4942 8.227165
4943 8.153370
4944 8.002196
4945 8.002196
4946 8.431464
4947 8.847946
4948 8.721905
4949 8.990055
4950 9.613753
4951 10.380533
4952 9.665124
4953 9.306418
4954 9.729991
4955 9.795848
4956 10.258421
4957 11.056036
4958 11.056036
4959 10.259086
4960 10.135373
4961 10.286666
4962 10.286666
4963 10.693474
4964 11.207353
4965 11.364750
4966 11.746715
4967 11.356544
4968 11.604103
4969 11.201028
4970 10.751521
4971 10.135571
4972 10.180501
4973 10.842011
4974 10.282932
4975 10.608745
4976 10.034486
4977 10.388711
4978 9.680986
4979 10.050461
4980 10.278701
4981 10.445488
4982 10.163582
4983 9.993556
4984 9.879740
4985 9.879740
4986 10.476244
4987 10.099940
4988 9.565440
4989 10.330343
4990 10.204925
4991 9.774620
4992 9.716026
4993 10.423916
4994 10.211384
4995 9.472416
4996 9.322421
4997 8.705466
4998 8.594382
4999 8.651177
5000 8.980418
5001 9.023039
5002 8.649539
5003 8.120149
5004 7.588759
5005 8.032356
5006 7.991592
5007 7.719080
5008 7.197096
5009 7.141900
5010 6.767050
5011 6.672035
5012 6.902977
5013 6.796196
5014 6.344140
5015 6.578162
5016 6.598665
5017 6.989669
5018 7.220056
5019 7.764194
5020 8.153882
5021 8.634381
5022 8.332705
5023 8.111539
5024 8.282961
5025 8.161665
5026 8.144505
5027 8.556724
5028 8.931741
5029 8.689645
5030 9.300524
5031 8.650710
5032 8.299385
5033 8.541885
5034 9.209540
5035 9.388855
5036 8.914292
5037 8.927785
5038 8.840164
5039 8.791989
5040 8.772123
5041 8.422314
5042 8.044840
5043 7.847761
5044 8.027067
5045 8.256154
5046 8.758919
5047 9.127087
5048 9.813445
5049 9.890696
5050 9.823927
5051 10.343103
5052 10.663741
5053 10.552943
5054 10.834537
5055 10.110657
5056 9.841127
5057 10.620611
5058 10.935176
5059 10.166367
5060 9.661416
5061 9.925193
5062 9.955745
5063 10.323181
5064 10.461154
5065 10.108272
5066 9.865462
5067 9.534777
5068 9.149745
5069 9.705415
5070 9.745147
5071 9.997012
5072 9.279949
5073 8.810546
5074 8.519535
5075 8.519535
5076 8.309536
5077 7.702421
5078 7.702421
5079 7.970175
5080 7.970175
5081 7.449629
5082 7.079875
5083 6.978189
5084 6.857837
5085 7.319782
5086 7.895900
5087 8.395216
5088 8.803170
5089 8.383278
5090 8.560234
5091 8.592391
5092 8.600302
5093 8.554519
5094 8.965409
5095 8.902531
5096 8.404363
5097 8.105199
5098 8.020083
5099 7.459483
5100 8.062326
5101 8.062326
5102 8.615370
5103 8.324230
5104 8.069702
5105 7.539603
5106 8.022359
5107 8.137207
5108 8.268763
5109 8.807580
5110 8.155853
5111 8.215069
5112 7.971465
5113 7.420471
5114 7.868917
5115 8.315847
5116 7.969651
5117 8.610098
5118 8.842884
5119 8.669889
5120 8.679121
5121 8.342290
5122 8.239696
5123 7.824217
5124 7.869505
5125 7.562152
5126 7.472227
5127 6.911897
5128 7.293639
5129 7.421318
5130 6.958199
5131 6.852327
5132 6.582813
5133 6.727669
5134 6.786579
5135 6.881057
5136 6.920420
5137 6.994315
5138 6.560922
5139 6.297031
5140 6.346466
5141 6.588816
5142 6.820126
5143 7.083683
5144 7.083683
5145 7.290434
5146 7.683885
5147 7.695808
5148 7.695808
5149 7.454422
5150 7.588798
5151 8.032184
5152 7.681394
5153 7.310304
5154 7.310304
5155 7.615157
5156 7.051998
5157 7.051998
5158 7.035579
5159 7.300376
5160 6.967395
5161 7.420327
5162 7.375378
5163 7.723069
5164 7.296140
5165 7.519730
5166 6.970344
5167 6.648495
5168 6.240035
5169 6.738494
5170 6.624312
5171 6.736455
5172 6.475131
5173 6.475131
5174 6.410982
5175 6.663326
5176 6.352120
5177 5.982866
5178 6.364478
5179 5.913661
5180 5.818371
5181 6.194914
5182 6.286993
5183 6.489254
5184 6.593575
5185 6.295299
5186 6.098422
5187 6.529590
5188 6.520815
5189 6.071062
5190 5.820405
5191 5.910417
5192 6.208950
5193 6.375506
5194 6.194086
5195 5.838786
5196 5.824436
5197 5.575423
5198 5.419299
5199 5.488990
5200 5.476416
5201 5.560904
5202 5.482387
5203 5.186266
5204 4.920255
5205 4.753227
5206 4.930621
5207 5.135748
5208 5.037760
5209 4.798490
5210 4.890476
5211 4.951573
5212 5.144215
5213 4.897608
5214 4.972141
5215 5.163048
5216 5.426129
5217 5.696862
5218 5.454606
5219 5.401097
5220 5.162400
5221 5.290804
5222 5.414732
5223 5.151205
5224 5.336548
5225 5.679949
5226 5.374019
5227 5.489412
5228 5.279316
5229 5.144143
5230 5.389050
5231 5.790443
5232 5.405730
5233 5.130293
5234 4.970997
5235 5.017545
5236 5.091409
5237 5.303400
5238 5.302451
5239 4.964176
5240 5.218672
5241 5.350984
5242 5.231342
5243 5.426121
5244 5.134168
5245 4.854788
5246 5.170733
5247 4.955222
5248 5.047187
5249 4.978209
5250 5.284388
5251 5.084766
5252 5.405554
5253 5.212317
5254 4.927158
5255 4.647930
5256 4.647930
5257 4.710111
5258 4.867116
5259 5.017501
5260 5.329743
5261 5.301226
5262 5.585908
5263 5.372933
5264 5.710230
5265 5.536223
5266 5.885727
5267 5.849529
5268 5.904386
5269 6.226642
5270 5.980355
5271 5.607679
5272 5.579619
5273 5.991304
5274 6.020885
5275 5.680438
5276 5.685607
5277 5.564966
5278 5.396578
5279 5.533357
5280 5.206165
5281 5.298432
5282 5.315019
5283 5.139400
5284 5.315138
5285 5.034047
5286 4.753800
5287 4.670295
5288 4.921573
5289 5.188591
5290 5.082673
5291 5.031446
5292 4.904142
5293 4.849284
5294 5.092561
5295 5.235612
5296 5.077005
5297 5.296344
5298 5.584061
5299 5.359053
5300 5.398561
5301 5.230955
5302 5.015702
5303 5.195193
5304 5.325797
5305 5.357067
5306 5.083953
5307 5.135684
5308 4.852733
5309 4.617924
5310 4.550161
5311 4.384009
5312 4.350867
5313 4.466205
5314 4.617589
5315 4.719742
5316 4.514798
5317 4.749832
5318 4.506165
5319 4.672714
5320 4.536739
5321 4.487857
5322 4.618315
5323 4.656470
5324 4.552626
5325 4.443225
5326 4.469822
5327 4.412713
5328 4.487244
5329 4.639787
5330 4.629556
5331 4.477774
5332 4.643136
5333 4.902300
5334 5.038781
5335 5.358151
5336 5.529861
5337 5.604313
5338 5.823961
5339 6.248245
5340 6.628357
5341 6.872649
5342 6.872649
5343 7.422317
5344 7.250714
5345 7.250714
5346 6.883598
5347 6.763613
5348 6.738777
5349 6.584225
5350 6.319149
5351 6.195207
5352 6.023416
5353 6.020591
5354 5.663622
5355 6.053546
5356 5.905375
5357 6.060136
5358 6.471526
5359 6.122799
5360 5.711596
5361 5.611380
5362 5.449723
5363 5.787213
5364 5.405313
5365 5.286456
5366 5.356263
5367 5.229195
5368 5.014169
5369 4.930117
5370 5.252592
5371 5.280112
5372 5.394658
5373 5.477054
5374 5.256734
5375 4.989456
5376 4.759230
5377 4.578397
5378 4.607456
5379 4.780156
5380 4.712359
5381 4.577799
5382 4.390053
5383 4.355582
5384 4.401025
5385 4.334237
5386 4.318543
5387 4.282472
5388 4.342025
5389 4.309422
5390 4.508980
5391 4.508980
5392 4.469841
5393 4.392467
5394 4.334447
5395 4.193734
5396 4.119737
5397 4.242040
5398 4.214622
5399 4.104440
5400 4.052733
5401 4.062420
5402 4.089821
5403 4.100951
5404 4.128105
5405 4.115799
5406 4.066420
5407 4.009788
5408 4.034556
5409 4.023688
5410 4.018090
5411 4.046027
5412 4.037088
5413 4.120645
5414 4.101049
5415 4.081192
5416 4.171099
5417 4.161812
5418 4.076793
5419 4.119332
5420 4.123425
5421 4.190063
5422 4.162151
5423 4.142480
5424 4.135346
5425 4.262511
5426 4.146887
5427 4.168231
5428 4.128313
5429 4.149027
5430 4.056540
5431 4.154721
5432 4.235076
5433 4.248213
5434 4.212942
5435 4.366122
5436 4.288698
5437 4.363987
5438 4.325033
5439 4.296735
5440 4.198641
5441 4.334184
5442 4.334184
5443 4.368900
5444 4.355876
5445 4.372811
5446 4.397384
5447 4.495126
5448 4.596621
5449 4.830728
5450 4.837303
5451 4.837113
5452 4.596266
5453 4.592615
5454 4.796873
5455 4.890967
5456 5.021686
5457 5.066421
5458 5.054902
5459 5.043774
5460 4.933139
5461 4.894915
5462 4.882322
5463 5.150605
5464 5.475944
5465 5.589559
5466 5.662446
5467 5.586377
5468 5.433139
5469 5.650139
5470 5.270329
5471 5.120229
5472 4.844501
5473 4.848415
5474 4.881731
5475 4.788819
5476 4.636133
5477 4.669024
5478 4.673736
5479 4.516401
5480 4.766698
5481 4.769949
5482 4.559336
5483 4.523257
5484 4.410946
5485 4.244010
5486 4.380470
5487 4.399133
5488 4.307791
5489 4.489455
5490 4.302885
5491 4.235147
5492 4.332010
5493 4.282015
5494 4.215986
5495 4.264734
5496 4.264734
5497 4.157376
5498 4.099873
5499 4.029331
5500 4.046673
5501 4.016586
5502 4.029190
5503 4.060109
5504 4.012992
5505 4.000017
5506 4.003469
5507 4.042307
5508 4.022370
5509 4.021003
5510 4.026105
5511 4.051800
5512 4.008479
5513 4.051322
5514 4.087560
5515 4.096430
5516 4.204863
5517 4.257372
5518 4.258128
5519 4.202335
5520 4.142954
5521 4.119684
5522 4.083704
5523 4.091803
5524 4.047446
5525 4.033013
5526 4.001119
5527 4.008630
5528 4.000322
5529 4.000023
5530 4.010249
5531 4.038804
5532 4.109345
5533 4.100960
5534 4.038571
5535 4.051075
5536 4.077840
5537 4.016839
5538 4.001501
5539 4.009958
5540 4.000921
5541 4.025269
5542 4.000002
5543 4.000007
5544 4.000078
5545 4.001767
5546 4.025825
5547 4.007553
5548 4.024557
5549 4.000854
5550 4.008634
5551 4.002339
5552 4.038627
5553 4.105386
5554 4.125971
5555 4.063505
5556 4.024364
5557 4.060310
5558 4.016508
5559 4.000233
5560 4.009335
5561 4.065361
5562 4.059104
5563 4.040435
5564 4.017375
5565 4.004455
5566 4.047366
5567 4.012436
5568 4.028651
5569 4.085653
5570 4.085653
5571 4.139960
5572 4.051621
5573 4.061880
5574 4.023033
5575 4.091657
5576 4.022189
5577 4.055761
5578 4.008883
5579 4.019267
5580 4.056633
5581 4.085215
5582 4.023315
5583 4.000024
5584 4.012961
5585 4.001831
5586 4.035177
5587 4.016060
5588 4.014364
5589 4.021651
5590 4.076088
5591 4.123499
5592 4.132964
5593 4.105177
5594 4.075515
5595 4.031629
5596 4.088140
5597 4.074242
5598 4.025991
5599 4.007734
5600 4.031933
5601 4.027547
5602 4.004092
5603 4.026762
5604 4.001688
5605 4.016590
5606 4.044348
5607 4.003073
5608 4.000994
5609 4.028036
5610 4.004542
5611 4.002141
5612 4.006337
5613 4.020342
5614 4.000011
5615 4.000152
5616 4.006766
5617 4.018661
5618 4.071267
5619 4.021366
5620 4.000679
5621 4.014793
5622 4.000399
5623 4.004570
5624 4.001353
5625 4.000450
5626 4.007154
5627 4.020761
5628 4.064339
5629 4.024042
5630 4.000024
5631 4.019680
5632 4.009433
5633 4.000381
5634 4.002330
5635 4.000618
5636 4.010634
5637 4.004943
5638 4.004291
5639 4.027121
5640 4.021509
5641 4.081095
5642 4.077725
5643 4.095383
5644 4.140621
5645 4.118748
5646 4.055438
5647 4.008526
5648 4.007147
5649 4.037877
5650 4.018679
5651 4.015063
5652 4.067220
5653 4.067554
5654 4.171692
5655 4.155002
5656 4.204316
5657 4.262983
5658 4.152905
5659 4.183120
5660 4.220245
5661 4.335226
5662 4.350320
5663 4.491731
5664 4.630746
5665 4.583840
5666 4.763275
5667 4.630301
5668 4.671042
5669 4.783596
5670 4.722491
5671 4.572983
5672 4.449683
5673 4.397021
5674 4.378597
5675 4.446218
5676 4.669186
5677 4.501623
5678 4.332685
5679 4.332685
5680 4.332685
5681 4.501237
5682 4.533510
5683 4.695742
5684 4.516731
5685 4.338788
5686 4.243757
5687 4.419550
5688 4.408791
5689 4.434168
5690 4.310108
5691 4.175373
5692 4.109666
5693 4.087498
5694 4.053383
5695 4.068992
5696 4.168365
5697 4.260318
5698 4.371594
5699 4.293741
5700 4.439381
5701 4.365780
5702 4.486017
5703 4.674443
5704 4.636189
5705 4.745585
5706 4.744383
5707 5.000033
5708 4.871798
5709 4.815162
5710 5.009999
5711 5.064668
5712 4.970649
5713 5.291440
5714 5.641311
5715 5.365046
5716 5.446706
5717 5.419542
5718 5.358476
5719 5.381052
5720 5.233062
5721 4.996835
5722 4.742016
5723 4.531861
5724 4.655105
5725 4.520000
5726 4.381749
5727 4.449971
5728 4.527904
5729 4.654740
5730 4.937997
5731 4.704328
5732 4.749448
5733 4.721741
5734 4.752553
5735 4.699477
5736 4.633013
5737 4.633013
5738 4.404998
5739 4.313911
5740 4.289076
5741 4.300079
5742 4.384580
5743 4.237932
5744 4.345434
5745 4.195768
5746 4.086681
5747 4.108308
5748 4.116139
5749 4.077794
5750 4.045572
5751 4.017868
5752 4.005100
5753 4.036363
5754 4.098987
5755 4.167150
5756 4.319395
5757 4.443954
5758 4.328254
5759 4.328254
5760 4.380280
5761 4.227551
5762 4.187825
5763 4.080411
5764 4.029337
5765 4.004608
5766 4.003136
5767 4.001752
5768 4.017842
5769 4.000019
5770 4.005680
5771 4.000288
5772 4.026390
5773 4.024753
5774 4.000567
5775 4.014404
5776 4.001798
5777 4.014575
5778 4.001576
5779 4.032794
5780 4.001017
5781 4.006369
5782 4.045618
5783 4.011503
5784 4.048822
5785 4.010967
5786 4.029241
5787 4.051243
5788 4.045645
5789 4.060620
5790 4.098295
5791 4.078974
5792 4.111610
5793 4.208103
5794 4.267961
5795 4.265017
5796 4.432518
5797 4.331908
5798 4.174613
5799 4.320948
5800 4.461976
5801 4.315492
5802 4.179244
5803 4.179244
5804 4.309549
5805 4.382360
5806 4.366334
5807 4.262065
5808 4.135450
5809 4.051886
5810 4.108272
5811 4.071728
5812 4.031282
5813 4.023515
5814 4.088452
5815 4.037412
5816 4.057233
5817 4.085330
5818 4.039269
5819 4.108383
5820 4.050266
5821 4.010706
5822 4.007629
5823 4.018613
5824 4.020082
5825 4.003411
5826 4.001366
5827 4.008906
5828 4.060997
5829 4.130778
5830 4.106848
5831 4.032599
5832 4.005545
5833 4.003455
5834 4.002076
5835 4.015061
5836 4.038386
5837 4.036955
5838 4.006645
5839 4.044008
5840 4.124420
5841 4.083903
5842 4.142814
5843 4.240767
5844 4.278693
5845 4.396826
5846 4.575893
5847 4.549115
5848 4.744500
5849 4.639886
5850 4.807852
5851 4.721285
5852 5.003598
5853 4.804441
5854 4.934810
5855 5.198773
5856 5.047893
5857 4.776615
5858 4.610677
5859 4.459137
5860 4.268759
5861 4.172916
5862 4.166968
5863 4.166968
5864 4.125641
5865 4.232716
5866 4.287019
5867 4.151656
5868 4.169728
5869 4.166085
5870 4.153811
5871 4.188981
5872 4.128544
5873 4.070192
5874 4.021920
5875 4.004181
5876 4.032707
5877 4.107009
5878 4.054465
5879 4.022979
5880 4.083375
5881 4.071222
5882 4.019728
5883 4.004168
5884 4.009965
5885 4.002209
5886 4.000013
5887 4.018295
5888 4.006200
5889 4.010816
5890 4.003708
5891 4.002603
5892 4.030687
5893 4.020367
5894 4.004176
5895 4.000393
5896 4.009250
5897 4.033788
5898 4.080944
5899 4.020718
5900 4.017841
5901 4.004279
5902 4.000008
5903 4.000909
5904 4.002029
5905 4.020737
5906 4.000115
5907 4.000115
5908 4.028508
5909 4.012924
5910 4.018858
5911 4.039512
5912 4.047953
5913 4.026626
5914 4.010354
5915 4.000001
5916 4.009761
5917 4.002260
5918 4.000376
5919 4.024132
5920 4.041263
5921 4.067125
5922 4.014134
5923 4.000000
5924 4.001240
5925 4.000525
5926 4.009634
5927 4.011754
5928 4.013021
5929 4.000584
5930 4.023888
5931 4.005136
5932 4.000848
5933 4.000507
5934 4.007300
5935 4.001503
5936 4.001849
5937 4.007478
5938 4.015548
5939 4.014230
5940 4.072598
5941 4.135278
5942 4.126179
5943 4.126179
5944 4.233484
5945 4.316900
5946 4.474539
5947 4.688656
5948 4.718957
5949 5.010525
5950 5.246856
5951 5.333221
5952 5.333221
5953 5.202801
5954 5.485608
5955 5.846514
5956 5.463922
5957 5.796585
5958 6.101080
5959 6.432102
5960 6.478914
5961 6.880094
5962 6.531970
5963 6.822582
5964 6.419434
5965 6.419434
5966 6.077775
5967 6.551540
5968 6.551540
5969 6.329426
5970 6.329426
5971 6.216919
5972 6.030653
5973 5.748362
5974 5.748362
5975 5.381668
5976 5.381668
5977 5.325321
5978 5.562552
5979 5.383196
5980 5.259176
5981 5.070394
5982 4.773042
5983 4.621216
5984 4.632525
5985 4.907858
5986 4.785731
5987 5.086777
5988 5.044075
5989 5.378410
5990 5.324214
5991 5.178217
5992 5.238769
5993 5.304768
5994 5.461090
5995 5.789108
5996 6.064141
5997 5.707364
5998 5.492945
5999 5.636887
6000 5.639424
6001 6.072181
6002 5.828002
6003 5.845703
6004 5.610050
6005 5.887439
6006 5.639690
6007 5.622600
6008 5.563164
6009 5.321274
6010 5.541142
6011 5.525373
6012 5.427653
6013 5.251443
6014 4.964043
6015 4.868382
6016 5.170541
6017 5.002061
6018 5.285807
6019 5.023742
6020 4.730916
6021 4.957265
6022 5.140993
6023 5.361634
6024 5.361634
6025 5.216308
6026 5.291581
6027 5.035702
6028 5.099241
6029 5.099241
6030 5.199698
6031 5.199698
6032 5.199698
6033 4.997957
6034 4.766086
6035 4.562153
6036 4.363425
6037 4.311326
6038 4.164557
6039 4.218087
6040 4.100834
6041 4.117394
6042 4.195954
6043 4.095966
6044 4.115101
6045 4.047363
6046 4.117513
6047 4.091472
6048 4.022235
6049 4.000186
6050 4.014631
