0 567.539032
0 552.977378
1 552.652822
2 531.370398
3 515.371989
5 512.741466
13 507.062602
14 504.315052
15 499.044720
24 497.554850
27 496.564847
30 490.825680
31 480.713143
36 479.657625
41 470.147205
43 463.874581
45 456.044903
49 455.824415
53 454.927309
1093 449.452000
1094 443.791460
1787 435.628713
2793 426.394682
4758 422.402213
4759 417.053831
21962 413.102629
35238 411.237033
35239 411.176862
35642 406.238009
35643 403.737403
35647 400.378123
49163 398.766834
59847 395.374539
59852 392.620105
59853 391.567425
59857 391.240059
59859 389.022396
64476 388.186947
64479 381.520995
64491 380.276803
64645 380.209858
64663 375.209052
69780 368.001217
69781 367.999396
72974 367.911605
72975 365.353527
73437 365.162868
73444 360.811152
75376 360.527113
82073 355.374292
86011 353.524610
86028 349.823504
86038 347.772154
86040 344.886144
87878 344.422504
89303 343.785718
89321 342.246860
89326 340.098845
92317 336.715490
93948 333.579722
94771 332.608689
94786 332.598706
94809 331.383703
94947 328.148996
94948 327.144479
94949 323.554602
94959 321.766991
94965 318.808931
98880 311.250747
98885 309.295478
98886 304.609687
98890 303.845755
98927 303.705871
103028 299.021752
103261 298.081036
103282 295.920425
103286 295.091998
109204 291.866935
109213 290.860362
109245 290.828679
109248 289.175873
109284 289.148035
109301 286.804889
109360 282.896668
109384 279.337549
115404 279.132368
115436 277.940937
115486 277.131756
115997 274.744343
117735 274.426008
117962 274.344214
118007 267.472895
118128 266.016497
118194 265.776532
119155 265.424972
119469 265.350561
119479 261.582733
119539 260.168519
119560 257.870333
119570 256.921636
121730 253.969746
121800 253.644123
121825 252.436528
121835 251.959317
121876 250.275748
121904 250.115932
121960 249.494710
122091 246.006837
122099 245.902482
122114 243.902482
122361 241.430106
132650 240.867585
132655 232.876192
132656 232.509810
132735 232.078491
132883 229.651023
138832 229.050733
138857 228.400416
138896 227.731606
138912 223.889987
138942 222.292841
138949 220.077221
139209 219.290630
139237 217.950207
139791 217.696100
139826 216.572995
142355 213.755990
142411 213.494693
142412 211.317235
142532 210.805239
143898 209.379438
144157 208.440173
144202 207.624891
144231 207.039105
144259 206.809609
144403 206.466743
144406 205.880957
145277 205.692902
145359 205.514757
145549 205.480528
145560 203.302382
145620 202.781091
147349 202.725302
147380 201.711942
147542 199.619729
147551 195.295173
147850 194.682657
154920 194.268422
154937 192.488808
154949 191.903022
154985 191.505493
154997 190.845916
155177 190.738492
155198 188.340146
155235 186.844018
155251 185.673134
155293 184.258920
155361 183.682766
155405 182.228693
155466 180.992625
155980 179.660010
156555 177.927768
158641 177.666914
158717 175.918850
158729 174.756572
168785 174.280058
169012 172.897393
169106 169.492475
170317 168.836997
170552 168.222151
170657 167.801365
173560 166.321574
173740 164.907360
173811 164.456009
173863 163.219941
173915 161.376619
174304 160.849066
174338 160.020639
174507 159.014066
174772 158.666050
176127 157.514082
176248 156.278014
176266 155.672463
176593 154.799306
177070 154.454788
177093 153.869001
177165 153.516758
177202 152.930972
177439 152.886241
177624 152.708096
178436 152.099869
178473 152.099869
179043 150.810928
179213 149.982501
179766 149.589915
181295 149.045159
181490 148.527605
182593 148.481125
182652 147.245057
182863 147.245057
185626 146.765334
187482 146.652372
187871 146.474226
188150 146.400436
189186 145.585154
190452 144.619948
190501 144.107952
190642 143.820581
190737 143.820581
190832 143.234794
191743 142.762658
191852 142.083317
191883 141.393175
194754 140.027429
195983 138.448215
197126 137.529266
198127 137.529266
198380 136.774629
200747 136.675516
201635 136.118790
201649 135.711149
201683 135.691384
201703 134.862957
201815 134.455316
202973 134.277170
203250 133.587717
203852 132.059853
203853 130.645639
206284 130.095175
206509 129.509388
206955 127.687534
208748 127.331243
208813 126.159670
209058 124.988097
209435 124.108320
210252 123.522534
225182 122.872252
225233 122.043825
225300 121.458038
226143 121.458038
226151 120.872252
226453 120.286466
228618 120.108320
229172 120.108320
230924 119.458038
236553 118.400116
240078 117.979330
240396 116.565116
240646 116.386971
240662 116.208825
240874 115.979330
241557 115.393543
242586 114.157475
246206 113.571689
246742 112.985902
248743 111.749834
252867 111.099553
256444 110.513767
259861 110.513767
264478 109.099553
268967 108.678767
270447 108.678767
279439 108.271126
297802 107.035058
300688 106.206631
317151 106.206631
318044 105.556349
323085 104.142136
330074 104.142136
365420 103.313708
488287 102.485281
493279 102.485281
